 !
 ! MARCS output file to be read in by DRIFT
 !
 !
 ! Model parameters: Teff, logg, mixing, overshoot:
    3100.000        4.500        2.000        2.200
 !
 ! Number of atmosphere layers:
   48
 !
 ! Number of elements in abundances table:
   48
 !
 ! Z of the considered elements:
    1     2     3     4     5     6     7     8
    9    10    11    12    13    14    15    16
   17    18    19    20    22    23    24    25
   26    27    28    29    30    31    35    36
   37    38    40    41    42    53    54    55
   56    72    73    74    80    82    92    02
 !
 !  #        Rad [cm]        Temp [K] Pgas [dyn cm-2]     Ro [g cm-3]      g [cm s-2] v_conv [cm s-1]  Flag        mu [amu]
    1  0.20608208E+11  0.34277958E+04  0.41136758E+03  0.18210691E-08  0.31534244E+05  0.00000000E+00     F  0.12509856E+01
    2  0.20607022E+11  0.34431505E+04  0.51398758E+03  0.22657799E-08  0.31536058E+05  0.00000000E+00     F  0.12512384E+01
    3  0.20605842E+11  0.34593861E+04  0.63723501E+03  0.27966071E-08  0.31537864E+05  0.00000000E+00     F  0.12515078E+01
    4  0.20604667E+11  0.34752707E+04  0.78597783E+03  0.34345308E-08  0.31539663E+05  0.00000000E+00     F  0.12518100E+01
    5  0.20603495E+11  0.34906565E+04  0.96599174E+03  0.42037372E-08  0.31541457E+05  0.00000000E+00     F  0.12521539E+01
    6  0.20602327E+11  0.35053848E+04  0.11843923E+04  0.51341181E-08  0.31543245E+05  0.00000000E+00     F  0.12525506E+01
    7  0.20601161E+11  0.35193289E+04  0.14499838E+04  0.62627361E-08  0.31545030E+05  0.00000000E+00     F  0.12530137E+01
    8  0.20599997E+11  0.35323443E+04  0.17736868E+04  0.76357874E-08  0.31546813E+05  0.00000000E+00     F  0.12535605E+01
    9  0.20598834E+11  0.35442616E+04  0.21690981E+04  0.93111776E-08  0.31548594E+05  0.00000000E+00     F  0.12542136E+01
   10  0.20597673E+11  0.35548661E+04  0.26532235E+04  0.11362001E-07  0.31550372E+05  0.00000000E+00     F  0.12550038E+01
   11  0.20596517E+11  0.35638843E+04  0.32474474E+04  0.13881343E-07  0.31552142E+05  0.00000000E+00     F  0.12559736E+01
   12  0.20595369E+11  0.35709709E+04  0.39788126E+04  0.16988845E-07  0.31553902E+05  0.00000000E+00     F  0.12571833E+01
   13  0.20594230E+11  0.35756853E+04  0.48817114E+04  0.20839995E-07  0.31555646E+05  0.00000000E+00     F  0.12587208E+01
   14  0.20593105E+11  0.35774174E+04  0.60001558E+04  0.25639933E-07  0.31557371E+05  0.00000000E+00     F  0.12607200E+01
   15  0.20591995E+11  0.35752136E+04  0.73909154E+04  0.31665586E-07  0.31559071E+05  0.00000000E+00     F  0.12634003E+01
   16  0.20590904E+11  0.35674059E+04  0.91279857E+04  0.39305221E-07  0.31560744E+05  0.00000000E+00     F  0.12671587E+01
   17  0.20589834E+11  0.35506196E+04  0.11308919E+05  0.49140565E-07  0.31562385E+05  0.00000000E+00     F  0.12728338E+01
   18  0.20588785E+11  0.35147634E+04  0.14069133E+05  0.62247784E-07  0.31563992E+05  0.00000000E+00     F  0.12829758E+01
   19  0.20587762E+11  0.34070322E+04  0.17567494E+05  0.82164622E-07  0.31565561E+05  0.00000000E+00     F  0.13146119E+01
   20  0.20586766E+11  0.31232442E+04  0.20912350E+05  0.12062075E-06  0.31567088E+05  0.00000000E+00     F  0.14862956E+01
   21  0.20585801E+11  0.26710496E+04  0.24154526E+05  0.22031017E-06  0.31568568E+05  0.66189933E+04     T  0.20101717E+01
   22  0.20584870E+11  0.27054594E+04  0.28469209E+05  0.25471417E-06  0.31569996E+05  0.16647523E+05     T  0.19972517E+01
   23  0.20583978E+11  0.27445497E+04  0.34170232E+05  0.29915207E-06  0.31571363E+05  0.18406999E+05     T  0.19825847E+01
   24  0.20583132E+11  0.27878941E+04  0.41619941E+05  0.35576643E-06  0.31572660E+05  0.20231449E+05     T  0.19663437E+01
   25  0.20582340E+11  0.28350020E+04  0.51265930E+05  0.42708172E-06  0.31573876E+05  0.21934653E+05     T  0.19487613E+01
   26  0.20581610E+11  0.28853804E+04  0.63652662E+05  0.51601598E-06  0.31574996E+05  0.23509424E+05     T  0.19300848E+01
   27  0.20580951E+11  0.29385986E+04  0.79443767E+05  0.62595970E-06  0.31576007E+05  0.24974419E+05     T  0.19105438E+01
   28  0.20580369E+11  0.29943180E+04  0.99448587E+05  0.76086151E-06  0.31576899E+05  0.26356606E+05     T  0.18903328E+01
   29  0.20579684E+11  0.30522974E+04  0.12465358E+06  0.92531974E-06  0.31577950E+05  0.27682428E+05     T  0.18696059E+01
   30  0.20578490E+11  0.31123790E+04  0.15625614E+06  0.11246601E-05  0.31579782E+05  0.28971882E+05     T  0.18484823E+01
   31  0.20576935E+11  0.31744570E+04  0.19569482E+06  0.13649666E-05  0.31582170E+05  0.30232931E+05     T  0.18270605E+01
   32  0.20575329E+11  0.32384041E+04  0.24464281E+06  0.16528902E-05  0.31584634E+05  0.31451979E+05     T  0.18054494E+01
   33  0.20573730E+11  0.33041079E+04  0.30507385E+06  0.19959278E-05  0.31587090E+05  0.32582151E+05     T  0.17837685E+01
   34  0.20572143E+11  0.33714391E+04  0.37931453E+06  0.24026296E-05  0.31589526E+05  0.33541137E+05     T  0.17621729E+01
   35  0.20570569E+11  0.34401762E+04  0.47001872E+06  0.28824067E-05  0.31591943E+05  0.34224708E+05     T  0.17408753E+01
   36  0.20569009E+11  0.35100496E+04  0.58016911E+06  0.34454572E-05  0.31594340E+05  0.34537760E+05     T  0.17200966E+01
   37  0.20567461E+11  0.35808169E+04  0.71306662E+06  0.41025097E-05  0.31596718E+05  0.34434972E+05     T  0.16999988E+01
   38  0.20565924E+11  0.36523031E+04  0.87232129E+06  0.48645712E-05  0.31599079E+05  0.33946394E+05     T  0.16806625E+01
   39  0.20564397E+11  0.37243965E+04  0.10618539E+07  0.57428160E-05  0.31601426E+05  0.33166514E+05     T  0.16621073E+01
   40  0.20562877E+11  0.37970375E+04  0.12859208E+07  0.67486286E-05  0.31603761E+05  0.32209395E+05     T  0.16443164E+01
   41  0.20561362E+11  0.38702099E+04  0.15491588E+07  0.78937382E-05  0.31606089E+05  0.31165528E+05     T  0.16272542E+01
   42  0.20559850E+11  0.39439326E+04  0.18566428E+07  0.91903811E-05  0.31608414E+05  0.30091532E+05     T  0.16108776E+01
   43  0.20558336E+11  0.40182963E+04  0.22141620E+07  0.10652300E-04  0.31610741E+05  0.29021980E+05     T  0.15951319E+01
   44  0.20556816E+11  0.40935044E+04  0.26287069E+07  0.12296368E-04  0.31613079E+05  0.27980420E+05     T  0.15799471E+01
   45  0.20555284E+11  0.41696873E+04  0.31077056E+07  0.14139155E-04  0.31615435E+05  0.26982912E+05     T  0.15652766E+01
   46  0.20553730E+11  0.42469237E+04  0.36589635E+07  0.16196657E-04  0.31617825E+05  0.26037414E+05     T  0.15510898E+01
   47  0.20552144E+11  0.43253818E+04  0.42916764E+07  0.18487900E-04  0.31620265E+05  0.25145292E+05     T  0.15373449E+01
   48  0.20550512E+11  0.44052910E+04  0.50166263E+07  0.21035064E-04  0.31622777E+05  0.24139943E+05     T  0.15239974E+01
 !
 ! Initial Element abundances for each Z:
 12.00 10.93  1.05  1.38  2.70  8.39  7.78  8.66
  4.56  7.84  6.17  7.53  6.37  7.51  5.36  7.14
  5.50  6.18  5.08  6.31  4.90  4.00  5.64  5.39
  7.45  4.92  6.23  4.21  4.60  2.88  2.56  3.25
  2.60  2.92  2.58  1.42  1.92  1.51  2.24  1.12
  2.17  0.88  0.13  1.11  1.09  2.00 -0.47
