 Teff =  2300.00  logg =  4.50  mixLengthPara =  2.00  Abschluss =  8  beta =  2.20  pconv[bar] =  0.29
           6           7
 
           z           pSeff_TiO2[s]Seff_Mg2SiO4Seff_SiO2[s]Seff_Fe[s]  Seff_Al2O3[sSeff_MgO[s] Seff_MgSiO3[     N*_TiO2     J*_TiO2
  3.6806E-01  2.4110E-02  4.0770E+03  2.9550E+15  9.3805E+11  5.6599E+11  8.0113E+16  3.3087E+11  1.3094E+15  5.7434E+00  1.7793E-18  0.0000E+00
  1.1042E+00  2.4110E-02  4.0770E+03  8.4430E+14  3.1266E+11  1.8865E+11  8.0113E+16  1.1029E+11  4.0288E+14  5.7434E+00  1.7794E-18  0.0000E+00
  2.5764E+00  2.4110E-02  4.0770E+03  3.9401E+14  1.3400E+11  8.0852E+10  8.0113E+16  4.7266E+10  1.7458E+14  5.7434E+00  1.7794E-18  0.0000E+00
  5.5209E+00  2.4111E-02  4.0771E+03  1.8469E+14  6.2533E+10  3.7731E+10  8.0113E+16  2.2058E+10  8.1835E+13  5.7434E+00  1.7794E-18  0.0000E+00
  1.1410E+01  2.4111E-02  4.0771E+03  8.8211E+13  3.0258E+10  1.8257E+10  8.0113E+16  1.0673E+10  3.9085E+13  5.7434E+00  1.7794E-18  0.0000E+00
  2.3188E+01  2.4111E-02  4.0771E+03  4.2827E+13  1.4889E+10  8.9837E+09  8.0114E+16  5.2518E+09  1.9470E+13  5.7434E+00  1.7794E-18  0.0000E+00
  4.6744E+01  2.4111E-02  4.0771E+03  2.1260E+13  7.3858E+09  4.4565E+09  8.0115E+16  2.6052E+09  9.6455E+12  5.7434E+00  1.7795E-18  0.0000E+00
  9.3855E+01  2.4112E-02  4.0771E+03  1.0630E+13  3.6784E+09  2.2195E+09  8.0116E+16  1.2975E+09  4.8140E+12  5.7434E+00  1.7796E-18  0.0000E+00
  1.8808E+02  2.4113E-02  4.0772E+03  5.2962E+12  1.8356E+09  1.1076E+09  8.0120E+16  6.4749E+08  2.3983E+12  5.7434E+00  1.7798E-18  0.0000E+00
  3.7653E+02  2.4115E-02  4.0774E+03  2.6448E+12  9.1694E+08  5.5327E+08  8.0126E+16  3.2344E+08  1.1990E+12  5.7433E+00  1.7803E-18  0.0000E+00
  7.5342E+02  2.4119E-02  4.0777E+03  1.3220E+12  4.5826E+08  2.7651E+08  8.0140E+16  1.6164E+08  5.9911E+11  5.7432E+00  1.7813E-18  0.0000E+00
  1.5072E+03  2.4127E-02  4.0784E+03  6.6081E+11  2.2909E+08  1.3823E+08  4.5506E+15  8.0807E+07  2.9963E+11  5.7429E+00  1.7833E-18  0.0000E+00
  3.0148E+03  2.4144E-02  4.0797E+03  3.3072E+11  1.1454E+08  6.9115E+07  4.5538E+15  4.0404E+07  1.4993E+11  5.7423E+00  1.7873E-18  0.0000E+00
  6.0299E+03  2.4178E-02  4.0823E+03  1.6564E+11  5.7281E+07  3.4564E+07  8.0330E+16  2.0206E+07  7.5076E+10  5.7412E+00  1.7953E-18  0.0000E+00
  1.2060E+04  2.4246E-02  4.0877E+03  8.3112E+10  2.8653E+07  1.7290E+07  2.2865E+15  1.0108E+07  3.7658E+10  5.7390E+00  1.8115E-18  0.0000E+00
  2.4121E+04  2.4382E-02  4.0983E+03  4.1853E+10  1.4340E+07  8.6539E+06  1.5329E+15  5.0589E+06  1.8950E+10  5.7346E+00  1.8442E-18  0.0000E+00
  4.8242E+04  2.4656E-02  4.1197E+03  2.1228E+10  7.1828E+06  4.3356E+06  7.7512E+14  2.5345E+06  9.5970E+09  5.7257E+00  1.9115E-18  0.0000E+00
  9.6484E+04  2.5213E-02  4.1629E+03  1.0920E+10  3.6041E+06  2.1763E+06  3.6587E+14  1.2722E+06  4.9224E+09  5.7080E+00  2.0534E-18  0.0000E+00
  1.7010E+05  2.6088E-02  4.2300E+03  6.4668E+09  2.0549E+06  1.2415E+06  1.9689E+14  7.2568E+05  2.9021E+09  5.6811E+00  2.2905E-18  0.0000E+00
  2.4371E+05  2.6994E-02  4.2985E+03  4.7101E+09  1.4410E+06  8.7111E+05  1.3061E+14  5.0914E+05  2.1045E+09  5.6543E+00  2.5550E-18  0.0000E+00
  3.1732E+05  2.7931E-02  4.3684E+03  3.7734E+09  1.1116E+06  6.7233E+05  9.9460E+13  3.9293E+05  1.6786E+09  5.6275E+00  2.8501E-18  0.0000E+00
  3.9093E+05  2.8900E-02  4.4398E+03  3.1936E+09  9.0587E+05  5.4821E+05  8.2654E+13  3.2038E+05  1.4146E+09  5.6009E+00  3.1792E-18  0.0000E+00
  4.6454E+05  2.9903E-02  4.5126E+03  2.8010E+09  7.6508E+05  4.6326E+05  6.9695E+13  2.7071E+05  1.2354E+09  5.5744E+00  3.5463E-18  0.0000E+00
  5.3816E+05  3.0941E-02  4.5871E+03  2.5188E+09  6.6256E+05  4.0139E+05  5.7843E+13  2.3454E+05  1.1063E+09  5.5479E+00  3.9559E-18  0.0000E+00
  6.1177E+05  3.2015E-02  4.6630E+03  2.3072E+09  5.8447E+05  3.5427E+05  5.1236E+13  2.0699E+05  1.0092E+09  5.5216E+00  4.4127E-18  0.0000E+00
  6.8538E+05  3.3126E-02  4.7407E+03  2.1434E+09  5.2294E+05  3.1714E+05  4.5011E+13  1.8529E+05  9.3369E+08  5.4953E+00  4.9222E-18  0.0000E+00
  7.5899E+05  3.4280E-02  4.8200E+03  2.0136E+09  4.7317E+05  2.8710E+05  3.9725E+13  1.6772E+05  8.7361E+08  5.4692E+00  5.4923E-18  0.0000E+00
  8.3260E+05  3.5485E-02  4.9014E+03  1.9091E+09  4.3203E+05  2.6229E+05  3.5848E+13  1.5321E+05  8.2493E+08  5.4430E+00  6.1347E-18  0.0000E+00
  9.0622E+05  3.6732E-02  4.9845E+03  1.8232E+09  3.9740E+05  2.4140E+05  3.2278E+13  1.4100E+05  7.8473E+08  5.4168E+00  6.8522E-18  0.0000E+00
  9.7983E+05  3.8023E-02  5.0695E+03  1.7519E+09  3.6779E+05  2.2354E+05  2.9566E+13  1.3055E+05  7.5109E+08  5.3908E+00  7.6536E-18  0.0000E+00
  1.0534E+06  3.9360E-02  5.1564E+03  1.6919E+09  3.4215E+05  2.0808E+05  2.6851E+13  1.2150E+05  7.2260E+08  5.3649E+00  8.5487E-18  0.0000E+00
  1.1271E+06  4.0743E-02  5.2452E+03  1.6411E+09  3.1970E+05  1.9453E+05  2.4839E+13  1.1358E+05  6.9826E+08  5.3391E+00  9.5485E-18  0.0000E+00
  1.2007E+06  4.2175E-02  5.3360E+03  1.5978E+09  2.9985E+05  1.8255E+05  2.2841E+13  1.0657E+05  6.7729E+08  5.3134E+00  1.0665E-17  0.0000E+00
  1.2743E+06  4.3658E-02  5.4288E+03  1.5606E+09  2.8215E+05  1.7187E+05  2.1106E+13  1.0032E+05  6.5909E+08  5.2878E+00  1.1913E-17  0.0000E+00
  1.3479E+06  4.5192E-02  5.5238E+03  1.5284E+09  2.6626E+05  1.6227E+05  1.9595E+13  9.4708E+04  6.4321E+08  5.2623E+00  1.3306E-17  0.0000E+00
  1.4215E+06  4.6781E-02  5.6210E+03  1.5006E+09  2.5188E+05  1.5359E+05  1.8236E+13  8.9630E+04  6.2926E+08  5.2368E+00  1.4862E-17  0.0000E+00
  1.4951E+06  4.8431E-02  5.7204E+03  1.4764E+09  2.3880E+05  1.4569E+05  1.7085E+13  8.5010E+04  6.1698E+08  5.2115E+00  1.6607E-17  0.0000E+00
  1.5687E+06  5.0157E-02  5.8224E+03  1.4555E+09  2.2684E+05  1.3848E+05  1.5860E+13  8.0788E+04  6.0613E+08  5.1861E+00  1.8576E-17  0.0000E+00
  1.6423E+06  5.1945E-02  5.9267E+03  1.4371E+09  2.1584E+05  1.3185E+05  1.4839E+13  7.6903E+04  5.9648E+08  5.1609E+00  2.0780E-17  0.0000E+00
  1.7159E+06  5.3796E-02  6.0336E+03  1.4210E+09  2.0568E+05  1.2572E+05  1.3937E+13  7.3313E+04  5.8785E+08  5.1358E+00  2.3245E-17  0.0000E+00
  1.7896E+06  5.5713E-02  6.1430E+03  1.4068E+09  1.9625E+05  1.2003E+05  1.3041E+13  6.9982E+04  5.8010E+08  5.1107E+00  2.6002E-17  0.0000E+00
  1.8632E+06  5.7699E-02  6.2551E+03  1.3942E+09  1.8748E+05  1.1473E+05  1.2263E+13  6.6879E+04  5.7312E+08  5.0858E+00  2.9086E-17  0.0000E+00
  1.9368E+06  5.9755E-02  6.3700E+03  1.3831E+09  1.7928E+05  1.0978E+05  1.1534E+13  6.3980E+04  5.6680E+08  5.0609E+00  3.2536E-17  0.0000E+00
  2.0104E+06  6.1885E-02  6.4877E+03  1.3733E+09  1.7159E+05  1.0514E+05  1.0820E+13  6.1262E+04  5.6107E+08  5.0362E+00  3.6395E-17  0.0000E+00
  2.0840E+06  6.4090E-02  6.6083E+03  1.3645E+09  1.6438E+05  1.0077E+05  1.0224E+13  5.8707E+04  5.5585E+08  5.0115E+00  4.0711E-17  0.0000E+00
  2.1576E+06  6.6375E-02  6.7320E+03  1.3567E+09  1.5758E+05  9.6663E+04  9.6158E+12  5.6301E+04  5.5109E+08  4.9870E+00  4.5540E-17  0.0000E+00
  2.2312E+06  6.8752E-02  6.8587E+03  1.3495E+09  1.5115E+05  9.2780E+04  9.0590E+12  5.4026E+04  5.4667E+08  4.9625E+00  5.0969E-17  0.0000E+00
  2.3048E+06  7.1228E-02  6.9885E+03  1.3429E+09  1.4506E+05  8.9104E+04  8.5521E+12  5.1871E+04  5.4251E+08  4.9382E+00  5.7081E-17  0.0000E+00
  2.3785E+06  7.3795E-02  7.1216E+03  1.3369E+09  1.3929E+05  8.5618E+04  8.0812E+12  4.9827E+04  5.3866E+08  4.9139E+00  6.3927E-17  0.0000E+00
  2.4521E+06  7.6453E-02  7.2583E+03  1.3314E+09  1.3381E+05  8.2307E+04  7.6228E+12  4.7887E+04  5.3510E+08  4.8898E+00  7.1593E-17  0.0000E+00
  2.5257E+06  7.9207E-02  7.3987E+03  1.3264E+09  1.2860E+05  7.9157E+04  7.1861E+12  4.6040E+04  5.3177E+08  4.8657E+00  8.0179E-17  0.0000E+00
  2.5993E+06  8.2061E-02  7.5430E+03  1.3218E+09  1.2364E+05  7.6155E+04  6.7999E+12  4.4282E+04  5.2867E+08  4.8418E+00  8.9795E-17  0.0000E+00
  2.6729E+06  8.5017E-02  7.6913E+03  1.3175E+09  1.1891E+05  7.3292E+04  6.4262E+12  4.2605E+04  5.2576E+08  4.8179E+00  1.0056E-16  0.0000E+00
  2.7465E+06  8.8080E-02  7.8437E+03  1.3136E+09  1.1440E+05  7.0558E+04  6.0801E+12  4.1003E+04  5.2303E+08  4.7942E+00  1.1262E-16  0.0000E+00
  2.8201E+06  9.1253E-02  8.0006E+03  1.3099E+09  1.1008E+05  6.7945E+04  5.7424E+12  3.9473E+04  5.2046E+08  4.7705E+00  1.2613E-16  0.0000E+00
  2.8937E+06  9.4540E-02  8.1620E+03  1.3064E+09  1.0596E+05  6.5446E+04  5.4330E+12  3.8010E+04  5.1803E+08  4.7470E+00  1.4126E-16  0.0000E+00
  2.9674E+06  9.7978E-02  8.3276E+03  1.3027E+09  1.0200E+05  6.3050E+04  5.1407E+12  3.6605E+04  5.1557E+08  4.7236E+00  1.5836E-16  0.0000E+00
  3.0410E+06  1.0155E-01  8.4979E+03  1.2989E+09  9.8207E+04  6.0754E+04  4.8695E+12  3.5258E+04  5.1316E+08  4.7002E+00  1.7759E-16  0.0000E+00
  3.1146E+06  1.0526E-01  8.6734E+03  1.2953E+09  9.4570E+04  5.8553E+04  4.6041E+12  3.3966E+04  5.1086E+08  4.6770E+00  1.9916E-16  0.0000E+00
  3.1882E+06  1.0910E-01  8.8544E+03  1.2919E+09  9.1083E+04  5.6441E+04  4.3538E+12  3.2728E+04  5.0867E+08  4.6539E+00  2.2336E-16  0.0000E+00
  3.2618E+06  1.1308E-01  9.0413E+03  1.2885E+09  8.7740E+04  5.4414E+04  4.1233E+12  3.1540E+04  5.0656E+08  4.6308E+00  2.5049E-16  0.0000E+00
  3.3354E+06  1.1720E-01  9.2342E+03  1.2851E+09  8.4532E+04  5.2468E+04  3.9067E+12  3.0399E+04  5.0454E+08  4.6079E+00  2.8091E-16  0.0000E+00
  3.4090E+06  1.2148E-01  9.4335E+03  1.2818E+09  8.1453E+04  5.0598E+04  3.6977E+12  2.9304E+04  5.0260E+08  4.5851E+00  3.1504E-16  0.0000E+00
  3.4826E+06  1.2591E-01  9.6397E+03  1.2786E+09  7.8498E+04  4.8802E+04  3.5038E+12  2.8252E+04  5.0074E+08  4.5623E+00  3.5330E-16  0.0000E+00
  3.5562E+06  1.3050E-01  9.8530E+03  1.2754E+09  7.5661E+04  4.7077E+04  3.3141E+12  2.7242E+04  4.9896E+08  4.5397E+00  3.9622E-16  0.0000E+00
  3.6299E+06  1.3527E-01  1.0074E+04  1.2722E+09  7.2934E+04  4.5418E+04  3.1389E+12  2.6271E+04  4.9721E+08  4.5172E+00  4.4444E-16  0.0000E+00
  3.7035E+06  1.4027E-01  1.0301E+04  1.2683E+09  7.0297E+04  4.3820E+04  2.9749E+12  2.5334E+04  4.9529E+08  4.4948E+00  4.9912E-16  0.0000E+00
  3.7771E+06  1.4545E-01  1.0537E+04  1.2645E+09  6.7766E+04  4.2284E+04  2.8161E+12  2.4433E+04  4.9344E+08  4.4725E+00  5.6052E-16  0.0000E+00
  3.8507E+06  1.5082E-01  1.0782E+04  1.2607E+09  6.5334E+04  4.0808E+04  2.6680E+12  2.3567E+04  4.9167E+08  4.4503E+00  6.2948E-16  0.0000E+00
  3.9243E+06  1.5639E-01  1.1037E+04  1.2569E+09  6.2999E+04  3.9388E+04  2.5268E+12  2.2735E+04  4.8998E+08  4.4282E+00  7.0693E-16  0.0000E+00
  3.9979E+06  1.6217E-01  1.1302E+04  1.2531E+09  6.0757E+04  3.8024E+04  2.3938E+12  2.1936E+04  4.8836E+08  4.4062E+00  7.9390E-16  0.0000E+00
  4.0715E+06  1.6816E-01  1.1578E+04  1.2494E+09  5.8603E+04  3.6713E+04  2.2686E+12  2.1168E+04  4.8683E+08  4.3844E+00  8.9157E-16  0.0000E+00
  4.1451E+06  1.7437E-01  1.1866E+04  1.2458E+09  5.6536E+04  3.5452E+04  2.1508E+12  2.0430E+04  4.8538E+08  4.3626E+00  1.0013E-15  0.0000E+00
  4.2188E+06  1.8081E-01  1.2166E+04  1.2422E+09  5.4552E+04  3.4242E+04  2.0375E+12  1.9722E+04  4.8403E+08  4.3409E+00  1.1244E-15  0.0000E+00
  4.2924E+06  1.8749E-01  1.2480E+04  1.2387E+09  5.2648E+04  3.3079E+04  1.9321E+12  1.9042E+04  4.8278E+08  4.3193E+00  1.2628E-15  0.0000E+00
  4.3660E+06  1.9447E-01  1.2807E+04  1.2347E+09  5.0810E+04  3.1960E+04  1.8318E+12  1.8386E+04  4.8142E+08  4.2978E+00  1.4195E-15  0.0000E+00
  4.4396E+06  2.0174E-01  1.3149E+04  1.2306E+09  4.9042E+04  3.0885E+04  1.7365E+12  1.7756E+04  4.8007E+08  4.2765E+00  1.5964E-15  0.0000E+00
  4.5132E+06  2.0929E-01  1.3507E+04  1.2266E+09  4.7348E+04  2.9853E+04  1.6475E+12  1.7151E+04  4.7884E+08  4.2552E+00  1.7953E-15  0.0000E+00
  4.5868E+06  2.1711E-01  1.3885E+04  1.2228E+09  4.5724E+04  2.8863E+04  1.5620E+12  1.6571E+04  4.7774E+08  4.2341E+00  2.0190E-15  0.0000E+00
  4.6604E+06  2.2523E-01  1.4281E+04  1.2191E+09  4.4168E+04  2.7914E+04  1.4825E+12  1.6016E+04  4.7677E+08  4.2130E+00  2.2705E-15  0.0000E+00
  4.7340E+06  2.3365E-01  1.4699E+04  1.2156E+09  4.2678E+04  2.7004E+04  1.4073E+12  1.5483E+04  4.7595E+08  4.1921E+00  2.5535E-15  0.0000E+00
  4.8077E+06  2.4239E-01  1.5141E+04  1.2122E+09  4.1253E+04  2.6133E+04  1.3361E+12  1.4974E+04  4.7529E+08  4.1712E+00  2.8716E-15  0.0000E+00
  4.8813E+06  2.5146E-01  1.5608E+04  1.2092E+09  3.9890E+04  2.5299E+04  1.2688E+12  1.4486E+04  4.7481E+08  4.1504E+00  3.2294E-15  0.0000E+00
  4.9549E+06  2.6086E-01  1.6102E+04  1.2064E+09  3.8588E+04  2.4502E+04  1.2057E+12  1.4020E+04  4.7452E+08  4.1298E+00  3.6318E-15  0.0000E+00
  5.0285E+06  2.7065E-01  1.6627E+04  1.2039E+09  3.7343E+04  2.3741E+04  1.1456E+12  1.3575E+04  4.7441E+08  4.1092E+00  4.0862E-15  0.0000E+00
  5.1021E+06  2.8090E-01  1.7185E+04  1.2016E+09  3.6155E+04  2.3015E+04  1.0895E+12  1.3150E+04  4.7449E+08  4.0887E+00  4.6017E-15  0.0000E+00
  5.1757E+06  2.9153E-01  1.7779E+04  1.1997E+09  3.5021E+04  2.2323E+04  1.0362E+12  1.2744E+04  4.7481E+08  4.0682E+00  5.1823E-15  0.0000E+00
  5.2493E+06  3.0257E-01  1.8413E+04  1.1982E+09  3.3942E+04  2.1663E+04  9.8619E+11  1.2358E+04  4.7538E+08  4.0479E+00  5.8362E-15  0.0000E+00
  5.3229E+06  3.1402E-01  1.9091E+04  1.1971E+09  3.2915E+04  2.1035E+04  9.3928E+11  1.1991E+04  4.7622E+08  4.0277E+00  6.5726E-15  0.0000E+00
  5.3965E+06  3.2590E-01  1.9817E+04  1.1965E+09  3.1939E+04  2.0438E+04  8.9495E+11  1.1641E+04  4.7736E+08  4.0075E+00  7.4018E-15  0.0000E+00
  5.4702E+06  3.3824E-01  2.0597E+04  1.1965E+09  3.1014E+04  1.9872E+04  8.5361E+11  1.1310E+04  4.7883E+08  3.9875E+00  8.3357E-15  0.0000E+00
  5.5438E+06  3.5104E-01  2.1436E+04  1.1972E+09  3.0137E+04  1.9335E+04  8.1442E+11  1.0996E+04  4.8065E+08  3.9675E+00  9.3874E-15  0.0000E+00
  5.6174E+06  3.6433E-01  2.2341E+04  1.1984E+09  2.9308E+04  1.8828E+04  7.7767E+11  1.0699E+04  4.8285E+08  3.9477E+00  1.0572E-14  0.0000E+00
  5.6910E+06  3.7813E-01  2.3320E+04  1.2007E+09  2.8529E+04  1.8351E+04  7.4352E+11  1.0420E+04  4.8558E+08  3.9279E+00  1.1907E-14  0.0000E+00
  5.7646E+06  3.9267E-01  2.4409E+04  1.2082E+09  2.7850E+04  1.7931E+04  7.1240E+11  1.0176E+04  4.9064E+08  3.9073E+00  1.3434E-14  0.0000E+00
  5.8382E+06  4.0776E-01  2.5591E+04  1.2166E+09  2.7213E+04  1.7537E+04  6.8328E+11  9.9467E+03  4.9622E+08  3.8868E+00  1.5156E-14  0.0000E+00
  5.9118E+06  4.2343E-01  2.6878E+04  1.2259E+09  2.6617E+04  1.7169E+04  6.5617E+11  9.7325E+03  5.0236E+08  3.8665E+00  1.7099E-14  0.0000E+00
  5.9854E+06  4.3971E-01  2.8282E+04  1.2363E+09  2.6062E+04  1.6827E+04  6.3071E+11  9.5330E+03  5.0911E+08  3.8462E+00  1.9292E-14  0.0000E+00
  6.0591E+06  4.5661E-01  2.9817E+04  1.2478E+09  2.5547E+04  1.6510E+04  6.0688E+11  9.3481E+03  5.1653E+08  3.8261E+00  2.1766E-14  0.0000E+00
  6.1327E+06  4.7416E-01  3.1499E+04  1.2606E+09  2.5073E+04  1.6219E+04  5.8465E+11  9.1777E+03  5.2467E+08  3.8060E+00  2.4557E-14  0.0000E+00
  6.2063E+06  4.9239E-01  3.3346E+04  1.2746E+09  2.4638E+04  1.5953E+04  5.6405E+11  9.0218E+03  5.3359E+08  3.7861E+00  2.7705E-14  0.0000E+00
  6.2799E+06  5.1131E-01  3.5379E+04  1.2902E+09  2.4243E+04  1.5712E+04  5.4485E+11  8.8803E+03  5.4338E+08  3.7663E+00  3.1258E-14  0.0000E+00
  6.3535E+06  5.3097E-01  3.7622E+04  1.3073E+09  2.3887E+04  1.5497E+04  5.2702E+11  8.7531E+03  5.5410E+08  3.7466E+00  3.5266E-14  0.0000E+00
  6.4271E+06  5.5188E-01  4.0247E+04  1.3406E+09  2.3710E+04  1.5377E+04  5.1312E+11  8.6869E+03  5.7247E+08  3.7246E+00  3.9906E-14  0.0000E+00
  6.5007E+06  5.7369E-01  4.3185E+04  1.3784E+09  2.3590E+04  1.5292E+04  5.0075E+11  8.6408E+03  5.9332E+08  3.7024E+00  4.5178E-14  0.0000E+00
  6.5743E+06  5.9637E-01  4.6457E+04  1.4188E+09  2.3506E+04  1.5230E+04  4.8941E+11  8.6079E+03  6.1585E+08  3.6804E+00  5.1145E-14  0.0000E+00
  6.6480E+06  6.1994E-01  5.0109E+04  1.4619E+09  2.3458E+04  1.5192E+04  4.7903E+11  8.5886E+03  6.4020E+08  3.6585E+00  5.7901E-14  0.0000E+00
  6.7216E+06  6.4444E-01  5.4194E+04  1.5081E+09  2.3449E+04  1.5179E+04  4.6967E+11  8.5830E+03  6.6655E+08  3.6368E+00  6.5549E-14  0.0000E+00
  6.7952E+06  6.6991E-01  5.8773E+04  1.5575E+09  2.3478E+04  1.5192E+04  4.6124E+11  8.5915E+03  6.9510E+08  3.6152E+00  7.4207E-14  0.0000E+00
  6.8688E+06  6.9639E-01  6.3917E+04  1.6105E+09  2.3546E+04  1.5230E+04  4.5375E+11  8.6144E+03  7.2604E+08  3.5937E+00  8.4009E-14  0.0000E+00
  6.9424E+06  7.2391E-01  6.9706E+04  1.6672E+09  2.3655E+04  1.5294E+04  4.4714E+11  8.6520E+03  7.5959E+08  3.5724E+00  9.5106E-14  0.0000E+00
  7.0160E+06  7.5252E-01  7.6232E+04  1.7280E+09  2.3804E+04  1.5385E+04  4.4133E+11  8.7046E+03  7.9601E+08  3.5512E+00  1.0767E-13  0.0000E+00
  7.0896E+06  7.8356E-01  8.3909E+04  1.8110E+09  2.4131E+04  1.5575E+04  4.3841E+11  8.8184E+03  8.4489E+08  3.5280E+00  1.2254E-13  0.0000E+00
  7.1632E+06  8.1641E-01  9.2764E+04  1.9073E+09  2.4558E+04  1.5824E+04  4.3698E+11  8.9671E+03  9.0218E+08  3.5040E+00  1.3977E-13  0.0000E+00
  7.2368E+06  8.5063E-01  1.0286E+05  2.0105E+09  2.5033E+04  1.6102E+04  4.3629E+11  9.1331E+03  9.6483E+08  3.4802E+00  1.5942E-13  0.0000E+00
  7.3105E+06  8.8629E-01  1.1439E+05  2.1211E+09  2.5558E+04  1.6413E+04  4.3630E+11  9.3170E+03  1.0334E+09  3.4566E+00  1.8184E-13  0.0000E+00
  7.3841E+06  9.2345E-01  1.2759E+05  2.2396E+09  2.6135E+04  1.6757E+04  4.3702E+11  9.5193E+03  1.1083E+09  3.4332E+00  2.0740E-13  0.0000E+00
  7.4577E+06  9.6216E-01  1.4272E+05  2.3664E+09  2.6766E+04  1.7134E+04  4.3840E+11  9.7409E+03  1.1904E+09  3.4100E+00  2.3656E-13  0.0000E+00
  7.5313E+06  1.0025E+00  1.6010E+05  2.5022E+09  2.7452E+04  1.7548E+04  4.4048E+11  9.9822E+03  1.2802E+09  3.3869E+00  2.6982E-13  0.0000E+00
  7.6049E+06  1.0445E+00  1.8009E+05  2.6472E+09  2.8196E+04  1.7998E+04  4.4324E+11  1.0244E+04  1.3785E+09  3.3640E+00  3.0775E-13  0.0000E+00
  7.6785E+06  1.0883E+00  2.0312E+05  2.8022E+09  2.8998E+04  1.8485E+04  4.4658E+11  1.0526E+04  1.4861E+09  3.3413E+00  3.5101E-13  0.0000E+00
  7.7521E+06  1.1354E+00  2.2954E+05  2.9616E+09  2.9829E+04  1.9002E+04  4.4986E+11  1.0821E+04  1.6003E+09  3.3190E+00  4.0194E-13  0.0000E+00
  7.8257E+06  1.1857E+00  2.5991E+05  3.1257E+09  3.0690E+04  1.9550E+04  4.5307E+11  1.1129E+04  1.7216E+09  3.2969E+00  4.6184E-13  0.0000E+00
  7.8994E+06  1.2383E+00  2.9503E+05  3.2994E+09  3.1608E+04  2.0137E+04  4.5690E+11  1.1457E+04  1.8536E+09  3.2750E+00  5.3067E-13  0.0000E+00
  7.9730E+06  1.2933E+00  3.3571E+05  3.4828E+09  3.2586E+04  2.0764E+04  4.6121E+11  1.1806E+04  1.9968E+09  3.2533E+00  6.0975E-13  0.0000E+00
  8.0466E+06  1.3506E+00  3.8288E+05  3.6760E+09  3.3622E+04  2.1433E+04  4.6601E+11  1.2176E+04  2.1522E+09  3.2318E+00  7.0063E-13  0.0000E+00
  8.1202E+06  1.4106E+00  4.3764E+05  3.8790E+09  3.4717E+04  2.2143E+04  4.7122E+11  1.2566E+04  2.3204E+09  3.2104E+00  8.0505E-13  0.0000E+00
  8.1938E+06  1.4731E+00  5.0125E+05  4.0915E+09  3.5870E+04  2.2895E+04  4.7693E+11  1.2977E+04  2.5022E+09  3.1892E+00  9.2503E-13  0.0000E+00
  8.2674E+06  1.5385E+00  5.7521E+05  4.3133E+09  3.7081E+04  2.3690E+04  4.8300E+11  1.3408E+04  2.6981E+09  3.1682E+00  1.0629E-12  0.0000E+00
  8.3410E+06  1.6067E+00  6.6125E+05  4.5437E+09  3.8347E+04  2.4528E+04  4.8933E+11  1.3859E+04  2.9086E+09  3.1473E+00  1.2213E-12  0.0000E+00
  8.4146E+06  1.6778E+00  7.5966E+05  4.7563E+09  3.9533E+04  2.5344E+04  4.9446E+11  1.4284E+04  3.1135E+09  3.1276E+00  1.4025E-12  0.0000E+00
  8.4883E+06  1.7512E+00  8.6847E+05  4.9004E+09  4.0385E+04  2.6016E+04  4.9583E+11  1.4601E+04  3.2703E+09  3.1109E+00  1.6081E-12  0.0000E+00
  8.5619E+06  1.8278E+00  9.9396E+05  5.0434E+09  4.1255E+04  2.6715E+04  4.9709E+11  1.4925E+04  3.4321E+09  3.0942E+00  1.8439E-12  0.0000E+00
  8.6355E+06  1.9077E+00  1.1386E+06  5.1837E+09  4.2137E+04  2.7438E+04  4.9845E+11  1.5253E+04  3.5980E+09  3.0776E+00  2.1142E-12  0.0000E+00
  8.7091E+06  1.9912E+00  1.3054E+06  5.3196E+09  4.3026E+04  2.8184E+04  4.9981E+11  1.5584E+04  3.7670E+09  3.0612E+00  2.4241E-12  0.0000E+00
  8.7827E+06  2.0783E+00  1.4974E+06  5.4493E+09  4.3915E+04  2.8949E+04  5.0115E+11  1.5914E+04  3.9375E+09  3.0448E+00  2.7794E-12  0.0000E+00
  8.8563E+06  2.1692E+00  1.7182E+06  5.5706E+09  4.4795E+04  2.9732E+04  5.0229E+11  1.6241E+04  4.1081E+09  3.0286E+00  3.1869E-12  0.0000E+00
  8.9299E+06  2.2641E+00  1.9722E+06  5.6814E+09  4.5657E+04  3.0529E+04  5.0322E+11  1.6561E+04  4.2768E+09  3.0124E+00  3.6541E-12  0.0000E+00
  9.0035E+06  2.3632E+00  2.2637E+06  5.7791E+09  4.6493E+04  3.1337E+04  5.0393E+11  1.6871E+04  4.4415E+09  2.9964E+00  4.1897E-12  0.0000E+00
  9.0771E+06  2.4665E+00  2.5979E+06  5.8612E+09  4.7293E+04  3.2150E+04  5.0438E+11  1.7168E+04  4.5996E+09  2.9805E+00  4.8039E-12  0.0000E+00
  9.1508E+06  2.5688E+00  2.9576E+06  5.8225E+09  4.7516E+04  3.2682E+04  4.9965E+11  1.7268E+04  4.6451E+09  2.9679E+00  5.4691E-12  0.0000E+00
  9.2244E+06  2.6735E+00  3.3568E+06  5.7342E+09  4.7518E+04  3.3114E+04  4.9318E+11  1.7292E+04  4.6453E+09  2.9564E+00  6.2132E-12  0.0000E+00
  9.2980E+06  2.7825E+00  3.8057E+06  5.6261E+09  4.7450E+04  3.3525E+04  4.8639E+11  1.7290E+04  4.6292E+09  2.9449E+00  7.0585E-12  0.0000E+00
  9.3716E+06  2.8960E+00  4.3093E+06  5.4973E+09  4.7305E+04  3.3910E+04  4.7909E+11  1.7259E+04  4.5956E+09  2.9334E+00  8.0189E-12  0.0000E+00
  9.4452E+06  3.0140E+00  4.8725E+06  5.3474E+09  4.7078E+04  3.4264E+04  4.7129E+11  1.7196E+04  4.5438E+09  2.9221E+00  9.1100E-12  0.0000E+00
  9.5188E+06  3.1369E+00  5.5005E+06  5.1765E+09  4.6764E+04  3.4583E+04  4.6297E+11  1.7101E+04  4.4731E+09  2.9107E+00  1.0349E-11  0.0000E+00
  9.5924E+06  3.2648E+00  6.1985E+06  4.9849E+09  4.6358E+04  3.4862E+04  4.5415E+11  1.6971E+04  4.3836E+09  2.8994E+00  1.1758E-11  0.0000E+00
  9.6660E+06  3.3979E+00  6.9718E+06  4.7735E+09  4.5860E+04  3.5097E+04  4.4481E+11  1.6806E+04  4.2755E+09  2.8882E+00  1.3357E-11  0.0000E+00
  9.7397E+06  3.5365E+00  7.8258E+06  4.5439E+09  4.5267E+04  3.5283E+04  4.3493E+11  1.6605E+04  4.1494E+09  2.8770E+00  1.5175E-11  0.0000E+00
  9.8133E+06  3.6806E+00  8.7656E+06  4.2980E+09  4.4580E+04  3.5416E+04  4.2448E+11  1.6368E+04  4.0065E+09  2.8658E+00  1.7239E-11  0.0000E+00
  9.8869E+06  3.8160E+00  9.7170E+06  3.9557E+09  4.3277E+04  3.5164E+04  4.0992E+11  1.5910E+04  3.7563E+09  2.8580E+00  1.9344E-11  0.0000E+00
  9.9605E+06  3.9542E+00  1.0730E+07  3.6072E+09  4.1858E+04  3.4814E+04  3.9464E+11  1.5409E+04  3.4944E+09  2.8507E+00  2.1670E-11  0.0000E+00
  1.0034E+07  4.0975E+00  1.1815E+07  3.2678E+09  4.0408E+04  3.4413E+04  3.7928E+11  1.4896E+04  3.2364E+09  2.8434E+00  2.4276E-11  0.0000E+00
  1.0108E+07  4.2459E+00  1.2971E+07  2.9409E+09  3.8933E+04  3.3961E+04  3.6383E+11  1.4372E+04  2.9848E+09  2.8361E+00  2.7195E-11  0.0000E+00
  1.0181E+07  4.3997E+00  1.4198E+07  2.6293E+09  3.7444E+04  3.3462E+04  3.4850E+11  1.3842E+04  2.7414E+09  2.8289E+00  3.0464E-11  0.0000E+00
  1.0255E+07  4.5591E+00  1.5496E+07  2.3354E+09  3.5947E+04  3.2919E+04  3.3321E+11  1.3308E+04  2.5078E+09  2.8216E+00  3.4127E-11  0.0000E+00
  1.0329E+07  4.7243E+00  1.6862E+07  2.0610E+09  3.4453E+04  3.2333E+04  3.1810E+11  1.2773E+04  2.2854E+09  2.8143E+00  3.8231E-11  0.0000E+00
  1.0402E+07  4.8955E+00  1.8296E+07  1.8075E+09  3.2967E+04  3.1708E+04  3.0316E+11  1.2241E+04  2.0751E+09  2.8071E+00  4.2827E-11  0.0000E+00
  1.0476E+07  5.0728E+00  1.9795E+07  1.5758E+09  3.1497E+04  3.1047E+04  2.8846E+11  1.1713E+04  1.8777E+09  2.7999E+00  4.7977E-11  0.0000E+00
  1.0549E+07  5.2566E+00  2.1358E+07  1.3659E+09  3.0050E+04  3.0353E+04  2.7408E+11  1.1192E+04  1.6935E+09  2.7927E+00  5.3745E-11  0.0000E+00
  1.0623E+07  5.4383E+00  2.2937E+07  1.1690E+09  2.8530E+04  2.9553E+04  2.5948E+11  1.0642E+04  1.5118E+09  2.7863E+00  5.9896E-11  0.0000E+00
  1.0697E+07  5.6021E+00  2.4433E+07  9.7740E+08  2.6817E+04  2.8536E+04  2.4402E+11  1.0015E+04  1.3217E+09  2.7822E+00  6.5830E-11  0.0000E+00
  1.0770E+07  5.7707E+00  2.5948E+07  8.1595E+08  2.5203E+04  2.7524E+04  2.2927E+11  9.4260E+03  1.1551E+09  2.7780E+00  7.2351E-11  0.0000E+00
  1.0844E+07  5.9445E+00  2.7478E+07  6.8058E+08  2.3685E+04  2.6523E+04  2.1524E+11  8.8736E+03  1.0093E+09  2.7739E+00  7.9519E-11  0.0000E+00
  1.0917E+07  6.1235E+00  2.9017E+07  5.6749E+08  2.2259E+04  2.5537E+04  2.0195E+11  8.3558E+03  8.8196E+08  2.7697E+00  8.7396E-11  0.0000E+00
  1.0991E+07  6.3079E+00  3.0562E+07  4.7330E+08  2.0921E+04  2.4570E+04  1.8937E+11  7.8706E+03  7.7081E+08  2.7656E+00  9.6054E-11  0.0000E+00
  1.1065E+07  6.4978E+00  3.2111E+07  3.9498E+08  1.9665E+04  2.3623E+04  1.7748E+11  7.4159E+03  6.7383E+08  2.7614E+00  1.0557E-10  0.0000E+00
  1.1138E+07  6.6935E+00  3.3659E+07  3.2996E+08  1.8488E+04  2.2698E+04  1.6627E+11  6.9899E+03  5.8924E+08  2.7573E+00  1.1603E-10  0.0000E+00
  1.1212E+07  6.8950E+00  3.5205E+07  2.7601E+08  1.7383E+04  2.1797E+04  1.5570E+11  6.5906E+03  5.1546E+08  2.7531E+00  1.2752E-10  0.0000E+00
  1.1286E+07  7.1027E+00  3.6746E+07  2.3125E+08  1.6348E+04  2.0921E+04  1.4575E+11  6.2164E+03  4.5110E+08  2.7489E+00  1.4016E-10  0.0000E+00
  1.1359E+07  7.3165E+00  3.8280E+07  1.9410E+08  1.5377E+04  2.0070E+04  1.3640E+11  5.8655E+03  3.9495E+08  2.7448E+00  1.5404E-10  0.0000E+00
  1.1433E+07  7.5368E+00  3.9805E+07  1.6325E+08  1.4466E+04  1.9244E+04  1.2760E+11  5.5363E+03  3.4594E+08  2.7406E+00  1.6930E-10  0.0000E+00
  1.1506E+07  7.7543E+00  4.1290E+07  1.3691E+08  1.3585E+04  1.8416E+04  1.1922E+11  5.2155E+03  3.0188E+08  2.7368E+00  1.8534E-10  0.0000E+00
  1.1580E+07  7.9296E+00  4.2596E+07  1.1267E+08  1.2648E+04  1.7489E+04  1.1093E+11  4.8656E+03  2.5868E+08  2.7348E+00  1.9900E-10  0.0000E+00
  1.1654E+07  8.1090E+00  4.3861E+07  9.3399E+07  1.1797E+04  1.6616E+04  1.0327E+11  4.5492E+03  2.2255E+08  2.7328E+00  2.1366E-10  0.0000E+00
  1.1727E+07  8.2924E+00  4.5085E+07  7.7960E+07  1.1020E+04  1.5794E+04  9.6214E+10  4.2620E+03  1.9218E+08  2.7308E+00  2.2941E-10  0.0000E+00
  1.1801E+07  8.4799E+00  4.6270E+07  6.5495E+07  1.0311E+04  1.5020E+04  8.9701E+10  4.0003E+03  1.6653E+08  2.7288E+00  2.4631E-10  0.0000E+00
  1.1874E+07  8.6717E+00  4.7416E+07  5.5357E+07  9.6606E+03  1.4290E+04  8.3688E+10  3.7610E+03  1.4478E+08  2.7268E+00  2.6446E-10  0.0000E+00
  1.1948E+07  8.8678E+00  4.8524E+07  4.7052E+07  9.0632E+03  1.3603E+04  7.8133E+10  3.5415E+03  1.2624E+08  2.7247E+00  2.8394E-10  0.0000E+00
  1.2022E+07  9.0684E+00  4.9596E+07  4.0204E+07  8.5129E+03  1.2954E+04  7.2994E+10  3.3396E+03  1.1039E+08  2.7227E+00  3.0487E-10  0.0000E+00
  1.2095E+07  9.2734E+00  5.0632E+07  3.4520E+07  8.0049E+03  1.2343E+04  6.8234E+10  3.1532E+03  9.6769E+07  2.7207E+00  3.2733E-10  0.0000E+00
  1.2169E+07  9.4832E+00  5.1634E+07  2.9775E+07  7.5350E+03  1.1765E+04  6.3824E+10  2.9808E+03  8.5036E+07  2.7187E+00  3.5145E-10  0.0000E+00
  1.2242E+07  9.6976E+00  5.2603E+07  2.5844E+07  7.1109E+03  1.1219E+04  5.9737E+10  2.8251E+03  7.5137E+07  2.7166E+00  3.7734E-10  0.0000E+00
  1.2316E+07  9.9170E+00  5.3539E+07  2.2551E+07  6.7232E+03  1.0703E+04  5.5941E+10  2.6826E+03  6.6712E+07  2.7146E+00  4.0514E-10  0.0000E+00
  1.2390E+07  1.0141E+01  5.4443E+07  1.9744E+07  6.3597E+03  1.0214E+04  5.2411E+10  2.5489E+03  5.9360E+07  2.7125E+00  4.3500E-10  0.0000E+00
  1.2463E+07  1.0371E+01  5.5316E+07  1.7341E+07  6.0186E+03  9.7508E+03  4.9127E+10  2.4233E+03  5.2922E+07  2.7105E+00  4.6705E-10  0.0000E+00
  1.2537E+07  1.0605E+01  5.6161E+07  1.5275E+07  5.6983E+03  9.3117E+03  4.6068E+10  2.3051E+03  4.7265E+07  2.7084E+00  5.0146E-10  0.0000E+00
  1.2611E+07  1.0845E+01  5.6977E+07  1.3492E+07  5.3973E+03  8.8952E+03  4.3217E+10  2.1939E+03  4.2279E+07  2.7063E+00  5.3841E-10  0.0000E+00
  1.2684E+07  1.1003E+01  5.7683E+07  1.1708E+07  5.0717E+03  8.4286E+03  4.0423E+10  2.0672E+03  3.7191E+07  2.7055E+00  5.6367E-10  0.0000E+00
  1.2758E+07  1.1141E+01  5.8326E+07  1.0181E+07  4.7660E+03  7.9826E+03  3.7843E+10  1.9477E+03  3.2738E+07  2.7049E+00  5.8648E-10  0.0000E+00
  1.2831E+07  1.1281E+01  5.8930E+07  8.9145E+06  4.4880E+03  7.5722E+03  3.5491E+10  1.8394E+03  2.8962E+07  2.7044E+00  6.1022E-10  0.0000E+00
  1.2905E+07  1.1423E+01  5.9497E+07  7.8532E+06  4.2343E+03  7.1938E+03  3.3339E+10  1.7408E+03  2.5736E+07  2.7038E+00  6.3492E-10  0.0000E+00
  1.2979E+07  1.1566E+01  6.0031E+07  6.9565E+06  4.0020E+03  6.8439E+03  3.1366E+10  1.6507E+03  2.2963E+07  2.7033E+00  6.6061E-10  0.0000E+00
  1.3052E+07  1.1712E+01  6.0533E+07  6.1930E+06  3.7886E+03  6.5196E+03  2.9552E+10  1.5681E+03  2.0564E+07  2.7027E+00  6.8735E-10  0.0000E+00
  1.3126E+07  1.1859E+01  6.1006E+07  5.5383E+06  3.5919E+03  6.2185E+03  2.7880E+10  1.4920E+03  1.8479E+07  2.7021E+00  7.1517E-10  0.0000E+00
  1.3199E+07  1.2008E+01  6.1452E+07  4.9733E+06  3.4102E+03  5.9382E+03  2.6336E+10  1.4217E+03  1.6656E+07  2.7016E+00  7.4411E-10  0.0000E+00
  1.3273E+07  1.2159E+01  6.1872E+07  4.4827E+06  3.2418E+03  5.6768E+03  2.4907E+10  1.3565E+03  1.5056E+07  2.7010E+00  7.7423E-10  0.0000E+00
  1.3347E+07  1.2312E+01  6.2269E+07  4.0544E+06  3.0854E+03  5.4325E+03  2.3582E+10  1.2960E+03  1.3645E+07  2.7004E+00  8.0556E-10  0.0000E+00
  1.3420E+07  1.2466E+01  6.2644E+07  3.6785E+06  2.9398E+03  5.2037E+03  2.2350E+10  1.2396E+03  1.2396E+07  2.6998E+00  8.3817E-10  0.0000E+00
  1.3494E+07  1.2623E+01  6.2998E+07  3.3473E+06  2.8040E+03  4.9891E+03  2.1203E+10  1.1869E+03  1.1287E+07  2.6993E+00  8.7209E-10  0.0000E+00
  1.3567E+07  1.2782E+01  6.3333E+07  3.0540E+06  2.6771E+03  4.7874E+03  2.0134E+10  1.1375E+03  1.0298E+07  2.6987E+00  9.0738E-10  0.0000E+00
  1.3641E+07  1.2942E+01  6.3649E+07  2.7932E+06  2.5581E+03  4.5976E+03  1.9135E+10  1.0912E+03  9.4139E+06  2.6981E+00  9.4410E-10  0.0000E+00
  1.3715E+07  1.3105E+01  6.3949E+07  2.5606E+06  2.4466E+03  4.4187E+03  1.8200E+10  1.0477E+03  8.6210E+06  2.6975E+00  9.8231E-10  0.0000E+00
  1.3788E+07  1.3270E+01  6.4232E+07  2.3524E+06  2.3417E+03  4.2497E+03  1.7324E+10  1.0066E+03  7.9081E+06  2.6969E+00  1.0221E-09  0.0000E+00
  1.3862E+07  1.3437E+01  6.4500E+07  2.1653E+06  2.2430E+03  4.0900E+03  1.6502E+10  9.6795E+02  7.2654E+06  2.6963E+00  1.0634E-09  0.0000E+00
  1.3936E+07  1.3605E+01  6.4753E+07  1.9968E+06  2.1500E+03  3.9388E+03  1.5730E+10  9.3138E+02  6.6846E+06  2.6957E+00  1.1065E-09  0.0000E+00
  1.4009E+07  1.3776E+01  6.4993E+07  1.8445E+06  2.0622E+03  3.7955E+03  1.5003E+10  8.9676E+02  6.1586E+06  2.6951E+00  1.1512E-09  0.0000E+00
  1.4083E+07  1.3950E+01  6.5220E+07  1.7066E+06  1.9791E+03  3.6595E+03  1.4319E+10  8.6395E+02  5.6812E+06  2.6945E+00  1.1978E-09  0.0000E+00
  1.4156E+07  1.4125E+01  6.5435E+07  1.5813E+06  1.9006E+03  3.5303E+03  1.3673E+10  8.3280E+02  5.2471E+06  2.6939E+00  1.2463E-09  0.0000E+00
  1.4230E+07  1.4302E+01  6.5638E+07  1.4673E+06  1.8261E+03  3.4073E+03  1.3064E+10  8.0320E+02  4.8516E+06  2.6933E+00  1.2967E-09  0.0000E+00
  1.4304E+07  1.4482E+01  6.5831E+07  1.3634E+06  1.7555E+03  3.2903E+03  1.2489E+10  7.7503E+02  4.4907E+06  2.6927E+00  1.3492E-09  0.0000E+00
  1.4377E+07  1.4664E+01  6.6013E+07  1.2683E+06  1.6884E+03  3.1787E+03  1.1944E+10  7.4820E+02  4.1607E+06  2.6921E+00  1.4038E-09  0.0000E+00
  1.4451E+07  1.4849E+01  6.6184E+07  1.1812E+06  1.6247E+03  3.0722E+03  1.1429E+10  7.2261E+02  3.8587E+06  2.6915E+00  1.4606E-09  0.0000E+00
  1.4524E+07  1.5035E+01  6.6347E+07  1.1013E+06  1.5640E+03  2.9706E+03  1.0940E+10  6.9819E+02  3.5817E+06  2.6909E+00  1.5197E-09  0.0000E+00
  1.4598E+07  1.5249E+01  6.6439E+07  1.0290E+06  1.5067E+03  2.8761E+03  1.0473E+10  6.7536E+02  3.3302E+06  2.6905E+00  1.5894E-09  0.0000E+00
  1.4672E+07  1.5529E+01  6.6370E+07  9.6381E+05  1.4523E+03  2.7908E+03  1.0012E+10  6.5439E+02  3.1015E+06  2.6904E+00  1.6838E-09  0.0000E+00
  1.4745E+07  1.5813E+01  6.6296E+07  9.0219E+05  1.3994E+03  2.7071E+03  9.5686E+09  6.3378E+02  2.8862E+06  2.6903E+00  1.7839E-09  0.0000E+00
  1.4819E+07  1.6104E+01  6.6218E+07  8.4402E+05  1.3478E+03  2.6251E+03  9.1418E+09  6.1355E+02  2.6837E+06  2.6902E+00  1.8898E-09  0.0000E+00
  1.4892E+07  1.6399E+01  6.6135E+07  7.8916E+05  1.2977E+03  2.5447E+03  8.7313E+09  5.9371E+02  2.4935E+06  2.6901E+00  2.0021E-09  0.0000E+00
  1.4966E+07  1.6700E+01  6.6048E+07  7.3748E+05  1.2491E+03  2.4660E+03  8.3367E+09  5.7428E+02  2.3152E+06  2.6900E+00  2.1210E-09  0.0000E+00
  1.5040E+07  1.7006E+01  6.5957E+07  6.8884E+05  1.2018E+03  2.3890E+03  7.9576E+09  5.5527E+02  2.1481E+06  2.6899E+00  2.2470E-09  0.0000E+00
  1.5113E+07  1.7318E+01  6.5861E+07  6.4311E+05  1.1560E+03  2.3137E+03  7.5935E+09  5.3669E+02  1.9917E+06  2.6898E+00  2.3805E-09  0.0000E+00
  1.5187E+07  1.7636E+01  6.5761E+07  6.0016E+05  1.1116E+03  2.2402E+03  7.2442E+09  5.1855E+02  1.8455E+06  2.6897E+00  2.5219E-09  0.0000E+00
  1.5261E+07  1.7959E+01  6.5657E+07  5.5984E+05  1.0686E+03  2.1684E+03  6.9091E+09  5.0085E+02  1.7090E+06  2.6895E+00  2.6717E-09  0.0000E+00
  1.5334E+07  1.8289E+01  6.5549E+07  5.2203E+05  1.0269E+03  2.0984E+03  6.5878E+09  4.8359E+02  1.5817E+06  2.6894E+00  2.8304E-09  0.0000E+00
  1.5408E+07  1.8624E+01  6.5437E+07  4.8660E+05  9.8667E+02  2.0301E+03  6.2800E+09  4.6679E+02  1.4631E+06  2.6893E+00  2.9985E-09  0.0000E+00
  1.5481E+07  1.8966E+01  6.5321E+07  4.5342E+05  9.4774E+02  1.9636E+03  5.9852E+09  4.5043E+02  1.3526E+06  2.6891E+00  3.1766E-09  0.0000E+00
  1.5555E+07  1.9314E+01  6.5202E+07  4.2237E+05  9.1012E+02  1.8988E+03  5.7029E+09  4.3452E+02  1.2498E+06  2.6890E+00  3.3653E-09  0.0000E+00
  1.5629E+07  1.9668E+01  6.5079E+07  3.9332E+05  8.7380E+02  1.8358E+03  5.4328E+09  4.1907E+02  1.1543E+06  2.6888E+00  3.5652E-09  0.0000E+00
  1.5702E+07  2.0029E+01  6.4952E+07  3.6618E+05  8.3875E+02  1.7744E+03  5.1745E+09  4.0405E+02  1.0656E+06  2.6886E+00  3.7769E-09  0.0000E+00
  1.5776E+07  2.0396E+01  6.4822E+07  3.4082E+05  8.0493E+02  1.7148E+03  4.9276E+09  3.8948E+02  9.8332E+05  2.6885E+00  4.0012E-09  0.0000E+00
  1.5849E+07  2.0770E+01  6.4689E+07  3.1714E+05  7.7233E+02  1.6569E+03  4.6915E+09  3.7535E+02  9.0699E+05  2.6883E+00  4.2389E-09  0.0000E+00
  1.5923E+07  2.1676E+01  6.3783E+07  2.9994E+05  7.4581E+02  1.6273E+03  4.4480E+09  3.6623E+02  8.4955E+05  2.6898E+00  4.8532E-09  0.0000E+00
  1.5997E+07  2.2851E+01  6.2595E+07  2.8292E+05  7.1844E+02  1.6012E+03  4.1891E+09  3.5726E+02  7.9257E+05  2.6919E+00  5.7381E-09  0.0000E+00
  1.6070E+07  2.4091E+01  6.1447E+07  2.6385E+05  6.8780E+02  1.5662E+03  3.9218E+09  3.4628E+02  7.3016E+05  2.6940E+00  6.7843E-09  0.0000E+00
  1.6144E+07  2.5397E+01  6.0338E+07  2.4320E+05  6.5426E+02  1.5225E+03  3.6489E+09  3.3340E+02  6.6394E+05  2.6960E+00  8.0212E-09  0.0000E+00
  1.6218E+07  2.6775E+01  5.9264E+07  2.2151E+05  6.1831E+02  1.4709E+03  3.3737E+09  3.1881E+02  5.9575E+05  2.6980E+00  9.4835E-09  0.0000E+00
  1.6291E+07  2.8227E+01  5.8223E+07  1.9936E+05  5.8050E+02  1.4120E+03  3.0994E+09  3.0277E+02  5.2745E+05  2.6999E+00  1.1212E-08  0.0000E+00
  1.6365E+07  2.9835E+01  5.6804E+07  1.7520E+05  5.3739E+02  1.3411E+03  2.8065E+09  2.8386E+02  4.5412E+05  2.7039E+00  1.3365E-08  0.0000E+00
  1.6438E+07  3.1550E+01  5.5367E+07  1.5168E+05  4.9329E+02  1.2640E+03  2.5201E+09  2.6387E+02  3.8439E+05  2.7083E+00  1.5953E-08  0.0000E+00
  1.6512E+07  3.3364E+01  5.3982E+07  1.2970E+05  4.4967E+02  1.1832E+03  2.2476E+09  2.4353E+02  3.2078E+05  2.7126E+00  1.9043E-08  0.0000E+00
  1.6586E+07  3.5281E+01  5.2646E+07  1.0960E+05  4.0718E+02  1.1004E+03  1.9915E+09  2.2321E+02  2.6411E+05  2.7169E+00  2.2730E-08  0.0000E+00
  1.6659E+07  3.7309E+01  5.1355E+07  9.1610E+04  3.6640E+02  1.0171E+03  1.7537E+09  2.0326E+02  2.1471E+05  2.7210E+00  2.7131E-08  0.0000E+00
  1.6733E+07  3.9423E+01  4.9920E+07  7.5055E+04  3.2587E+02  9.3017E+02  1.5275E+09  1.8300E+02  1.7050E+05  2.7265E+00  3.2302E-08  0.0000E+00
  1.6806E+07  4.1619E+01  4.8322E+07  6.0285E+04  2.8645E+02  8.4183E+02  1.3159E+09  1.6290E+02  1.3226E+05  2.7337E+00  3.8344E-08  0.0000E+00
  1.6880E+07  4.3937E+01  4.6788E+07  4.8091E+04  2.5077E+02  7.5868E+02  1.1289E+09  1.4440E+02  1.0176E+05  2.7407E+00  4.5514E-08  0.0000E+00
  1.6954E+07  4.6385E+01  4.5313E+07  3.8133E+04  2.1875E+02  6.8116E+02  9.6496E+08  1.2754E+02  7.7727E+04  2.7477E+00  5.4024E-08  0.0000E+00
  1.7027E+07  4.8969E+01  4.3895E+07  3.0081E+04  1.9022E+02  6.0953E+02  8.2213E+08  1.1230E+02  5.8992E+04  2.7547E+00  6.4123E-08  0.0000E+00
  1.7101E+07  5.1693E+01  4.2523E+07  2.3611E+04  1.6491E+02  5.4370E+02  6.9828E+08  9.8574E+01  4.4501E+04  2.7616E+00  7.6089E-08  0.0000E+00
  1.7174E+07  5.4416E+01  4.0940E+07  1.8121E+04  1.4109E+02  4.7917E+02  5.8619E+08  8.5428E+01  3.2689E+04  2.7712E+00  8.9469E-08  0.0000E+00
  1.7248E+07  5.7282E+01  3.9424E+07  1.3894E+04  1.2063E+02  4.2191E+02  4.9169E+08  7.3988E+01  2.3980E+04  2.7807E+00  1.0520E-07  0.0000E+00
  1.7322E+07  6.0299E+01  3.7974E+07  1.0645E+04  1.0310E+02  3.7122E+02  4.1215E+08  6.4051E+01  1.7572E+04  2.7901E+00  1.2368E-07  0.0000E+00
  1.7395E+07  6.3475E+01  3.6584E+07  8.1508E+03  8.8095E+01  3.2643E+02  3.4531E+08  5.5433E+01  1.2868E+04  2.7996E+00  1.4541E-07  0.0000E+00
  1.7469E+07  6.6819E+01  3.5253E+07  6.2387E+03  7.5266E+01  2.8692E+02  2.8920E+08  4.7968E+01  9.4188E+03  2.8090E+00  1.7094E-07  0.0000E+00
  1.7543E+07  7.0294E+01  3.3891E+07  4.7411E+03  6.4049E+01  2.5127E+02  2.4127E+08  4.1351E+01  6.8373E+03  2.8194E+00  2.0052E-07  0.0000E+00
  1.7616E+07  7.3886E+01  3.2475E+07  3.5707E+03  5.4234E+01  2.1908E+02  2.0034E+08  3.5481E+01  4.9126E+03  2.8313E+00  2.3452E-07  0.0000E+00
  1.7690E+07  7.7661E+01  3.1126E+07  2.6922E+03  4.5973E+01  1.9113E+02  1.6646E+08  3.0474E+01  3.5355E+03  2.8432E+00  2.7425E-07  0.0000E+00
  1.7763E+07  8.1628E+01  2.9841E+07  2.0319E+03  3.9013E+01  1.6684E+02  1.3839E+08  2.6200E+01  2.5486E+03  2.8550E+00  3.2067E-07  0.0000E+00
  1.7837E+07  8.5799E+01  2.8615E+07  1.5349E+03  3.3147E+01  1.4573E+02  1.1513E+08  2.2551E+01  1.8404E+03  2.8669E+00  3.7488E-07  0.0000E+00
  1.7911E+07  9.0182E+01  2.7447E+07  1.1605E+03  2.8199E+01  1.2736E+02  9.5833E+07  1.9432E+01  1.3314E+03  2.8788E+00  4.3817E-07  0.0000E+00
  1.7984E+07  9.4537E+01  2.6286E+07  8.7088E+02  2.3911E+01  1.1084E+02  7.9540E+07  1.6685E+01  9.5582E+02  2.8917E+00  5.0767E-07  0.0000E+00
  1.8058E+07  9.9021E+01  2.5166E+07  6.5386E+02  2.0303E+01  9.6507E+01  6.6070E+07  1.4344E+01  6.8737E+02  2.9049E+00  5.8650E-07  0.0000E+00
  1.8131E+07  1.0372E+02  2.4100E+07  4.9240E+02  1.7290E+01  8.4191E+01  5.4986E+07  1.2366E+01  4.9667E+02  2.9182E+00  6.7737E-07  0.0000E+00
  1.8205E+07  1.0863E+02  2.3084E+07  3.7181E+02  1.4768E+01  7.3579E+01  4.5839E+07  1.0691E+01  3.6051E+02  2.9316E+00  7.8206E-07  0.0000E+00
  1.8279E+07  1.1379E+02  2.2115E+07  2.8144E+02  1.2652E+01  6.4413E+01  3.8273E+07  9.2679E+00  2.6284E+02  2.9450E+00  9.0259E-07  0.0000E+00
  1.8352E+07  1.1918E+02  2.1192E+07  2.1352E+02  1.0872E+01  5.6477E+01  3.2001E+07  8.0573E+00  1.9248E+02  2.9584E+00  1.0412E-06  0.0000E+00
  1.8426E+07  1.2460E+02  2.0284E+07  1.6137E+02  9.3422E+00  4.9419E+01  2.6722E+07  7.0014E+00  1.4064E+02  2.9727E+00  1.1933E-06  0.0000E+00
  1.8499E+07  1.3020E+02  1.9413E+07  1.2225E+02  8.0558E+00  4.3308E+01  2.2348E+07  6.1035E+00  1.0326E+02  2.9873E+00  1.3648E-06  0.0000E+00
  1.8573E+07  1.3606E+02  1.8583E+07  9.2959E+01  6.9779E+00  3.8039E+01  1.8726E+07  5.3431E+00  7.6317E+01  3.0020E+00  1.5599E-06  0.0000E+00
  1.8647E+07  1.4217E+02  1.7790E+07  7.0954E+01  6.0724E+00  3.3482E+01  1.5720E+07  4.6978E+00  5.6787E+01  3.0168E+00  1.7816E-06  0.0000E+00
  1.8720E+07  1.4857E+02  1.7034E+07  5.4370E+01  5.3104E+00  2.9530E+01  1.3219E+07  4.1492E+00  4.2551E+01  3.0318E+00  2.0332E-06  0.0000E+00
  1.8794E+07  1.5525E+02  1.6312E+07  4.1838E+01  4.6680E+00  2.6097E+01  1.1133E+07  3.6825E+00  3.2120E+01  3.0469E+00  2.3180E-06  0.0000E+00
  1.8868E+07  1.6268E+02  1.5547E+07  3.2125E+01  4.1113E+00  2.3067E+01  9.3418E+06  3.2756E+00  2.4262E+01  3.0641E+00  2.6624E-06  0.0000E+00
  1.8941E+07  1.7071E+02  1.4783E+07  2.4664E+01  3.6333E+00  2.0386E+01  7.8193E+06  2.9238E+00  1.8383E+01  3.0826E+00  3.0672E-06  0.0000E+00
  1.9015E+07  1.7914E+02  1.4058E+07  1.9019E+01  3.2295E+00  1.8030E+01  6.5453E+06  2.6245E+00  1.4040E+01  3.1013E+00  3.5277E-06  0.0000E+00
  1.9088E+07  1.8798E+02  1.3368E+07  1.4753E+01  2.8893E+00  1.5962E+01  5.4802E+06  2.3712E+00  1.0828E+01  3.1204E+00  4.0493E-06  0.0000E+00
  1.9162E+07  1.9726E+02  1.2712E+07  1.1532E+01  2.6033E+00  1.4150E+01  4.5904E+06  2.1581E+00  8.4471E+00  3.1399E+00  4.6376E-06  0.0000E+00
  1.9236E+07  2.0738E+02  1.2058E+07  9.0846E+00  2.3613E+00  1.2562E+01  3.8398E+06  1.9790E+00  6.6637E+00  3.1608E+00  5.3275E-06  0.0000E+00
  1.9309E+07  2.2068E+02  1.1265E+07  7.1225E+00  2.1436E+00  1.1135E+01  3.1609E+06  1.8210E+00  5.2483E+00  3.1884E+00  6.3324E-06  0.0000E+00
  1.9383E+07  2.3482E+02  1.0521E+07  5.6329E+00  1.9596E+00  9.8463E+00  2.5916E+06  1.6897E+00  4.1863E+00  3.2170E+00  7.4893E-06  0.0000E+00
  1.9456E+07  2.4988E+02  9.8210E+06  4.5127E+00  1.8056E+00  8.6968E+00  2.1183E+06  1.5828E+00  3.3953E+00  3.2467E+00  8.8038E-06  0.0000E+00
  1.9530E+07  2.6590E+02  9.1605E+06  3.6754E+00  1.6773E+00  7.6816E+00  1.7280E+06  1.4973E+00  2.8090E+00  3.2779E+00  1.0273E-05  0.0000E+00
  1.9604E+07  2.8810E+02  8.3417E+06  3.0041E+00  1.5607E+00  6.7666E+00  1.3745E+06  1.4238E+00  2.3394E+00  3.3213E+00  1.2535E-05  0.0000E+00
  1.9677E+07  3.1274E+02  7.5640E+06  2.4956E+00  1.4614E+00  5.9349E+00  1.0822E+06  1.3642E+00  1.9890E+00  3.3690E+00  1.5138E-05  0.0000E+00
  1.9751E+07  3.3948E+02  6.8395E+06  2.1190E+00  1.3781E+00  5.1990E+00  8.4754E+05  1.3151E+00  1.7345E+00  3.4210E+00  1.7904E-05  0.0000E+00
  1.9825E+07  3.7378E+02  6.0274E+06  1.8246E+00  1.3031E+00  4.5379E+00  6.4689E+05  1.2698E+00  1.5380E+00  3.4903E+00  2.1390E-05  0.0000E+00
  1.9898E+07  4.1345E+02  5.2372E+06  1.6047E+00  1.2390E+00  3.9554E+00  4.8719E+05  1.2275E+00  1.3965E+00  3.5738E+00  2.4674E-05  0.0000E+00
  1.9972E+07  4.5896E+02  4.4695E+06  1.4438E+00  1.1856E+00  3.4573E+00  3.6376E+05  1.1881E+00  1.2957E+00  3.6771E+00  2.6798E-05  0.0000E+00
  2.0045E+07  5.1571E+02  3.6572E+06  1.3220E+00  1.1406E+00  3.0255E+00  2.6532E+05  1.1511E+00  1.2194E+00  3.8225E+00  2.6696E-05  0.0000E+00
  2.0119E+07  5.8003E+02  2.9116E+06  1.2385E+00  1.1066E+00  2.6805E+00  1.9467E+05  1.1204E+00  1.1663E+00  4.0106E+00  2.2700E-05  0.0000E+00
  2.0193E+07  6.5956E+02  2.1684E+06  1.1775E+00  1.0797E+00  2.3906E+00  1.4031E+05  1.0943E+00  1.1242E+00  4.2921E+00  1.5193E-05  0.0000E+00
  2.0266E+07  7.5043E+02  1.5623E+06  1.1351E+00  1.0604E+00  2.1679E+00  1.0259E+05  1.0746E+00  1.0944E+00  4.6621E+00  7.8919E-06  0.0000E+00
  2.0340E+07  8.5611E+02  1.0783E+06  1.1028E+00  1.0455E+00  1.9810E+00  7.4527E+04  1.0587E+00  1.0714E+00  5.1641E+00  3.0706E-06  0.0000E+00
  2.0413E+07  9.7282E+02  7.4208E+05  1.0792E+00  1.0347E+00  1.8301E+00  5.4733E+04  1.0466E+00  1.0546E+00  5.7801E+00  9.6509E-07  0.0000E+00
  2.0487E+07  1.0985E+03  5.1049E+05  1.0613E+00  1.0265E+00  1.7030E+00  4.0419E+04  1.0371E+00  1.0419E+00  6.5393E+00  2.3801E-07  0.0000E+00
  2.0561E+07  1.2325E+03  3.5336E+05  1.0477E+00  1.0203E+00  1.5963E+00  3.0072E+04  1.0296E+00  1.0324E+00  7.4676E+00  4.5242E-08  0.0000E+00
  2.0634E+07  1.3749E+03  2.4642E+05  1.0373E+00  1.0157E+00  1.5070E+00  2.2548E+04  1.0239E+00  1.0252E+00  8.6083E+00  6.3793E-09  0.0000E+00
  2.0708E+07  1.5219E+03  1.7383E+05  1.0293E+00  1.0121E+00  1.4319E+00  1.7076E+04  1.0192E+00  1.0198E+00  1.0006E+01  6.3746E-10  0.0000E+00
  2.0781E+07  1.6740E+03  1.2415E+05  1.0232E+00  1.0095E+00  1.3696E+00  1.3074E+04  1.0156E+00  1.0157E+00  1.1723E+01  4.3362E-11  0.0000E+00
  2.0855E+07  1.8296E+03  9.0011E+04  1.0185E+00  1.0075E+00  1.3179E+00  1.0133E+04  1.0129E+00  1.0125E+00  1.3824E+01  1.9220E-12  0.0000E+00
  2.0929E+07  1.9813E+03  6.6462E+04  1.0149E+00  1.0060E+00  1.2747E+00  7.9694E+03  1.0107E+00  1.0102E+00  1.6373E+01  5.3374E-14  0.0000E+00
  2.1002E+07  2.1456E+03  4.9542E+04  1.0121E+00  1.0048E+00  1.2392E+00  6.3228E+03  1.0090E+00  1.0083E+00  1.9552E+01  8.1433E-16  0.0000E+00
  2.1076E+07  2.2897E+03  3.7741E+04  1.0099E+00  1.0039E+00  1.2086E+00  5.0971E+03  1.0076E+00  1.0068E+00  2.3381E+01  6.8293E-18  0.0000E+00
  2.1150E+07  2.4427E+03  2.9025E+04  1.0082E+00  1.0032E+00  1.1832E+00  4.1448E+03  1.0065E+00  1.0057E+00  2.8172E+01  2.5629E-20  0.0000E+00
  2.1223E+07  2.6012E+03  2.2517E+04  1.0071E+00  1.0026E+00  1.1617E+00  3.3955E+03  1.0053E+00  1.0048E+00  3.4231E+01  3.4919E-23  0.0000E+00
  2.1297E+07  2.7394E+03  1.7738E+04  1.0060E+00  1.0022E+00  1.1428E+00  2.8132E+03  1.0047E+00  1.0040E+00  4.1756E+01  1.5931E-26  0.0000E+00
  2.1370E+07  2.8848E+03  1.4075E+04  1.0051E+00  1.0018E+00  1.1268E+00  2.3463E+03  1.0041E+00  1.0033E+00  5.1419E+01  1.6436E-30  0.0000E+00
  2.1444E+07  3.0380E+03  1.1237E+04  1.0044E+00  1.0015E+00  1.1131E+00  1.9675E+03  1.0036E+00  1.0028E+00  6.4035E+01  2.4651E-35  0.0000E+00
  2.1518E+07  3.1680E+03  9.0475E+03  1.0038E+00  1.0013E+00  1.1006E+00  1.6596E+03  1.0031E+00  1.0024E+00  8.0604E+01  3.2104E-41  0.0000E+00
  2.1591E+07  3.3001E+03  7.3309E+03  1.0033E+00  1.0011E+00  1.0898E+00  1.4078E+03  1.0028E+00  1.0020E+00  1.0280E+02  1.7688E-48  0.0000E+00
  2.1665E+07  3.4378E+03  5.9706E+03  1.0029E+00  1.0009E+00  1.0805E+00  1.1996E+03  1.0024E+00  1.0017E+00  1.3320E+02  1.3682E-57  0.0000E+00
  2.1738E+07  3.5727E+03  4.8810E+03  1.0026E+00  1.0008E+00  1.0722E+00  1.0253E+03  1.0022E+00  1.0014E+00  1.7614E+02  2.5129E-69  0.0000E+00
  2.1812E+07  3.6917E+03  4.0016E+03  1.0023E+00  1.0006E+00  1.0645E+00  8.7814E+02  1.0019E+00  1.0012E+00  2.3903E+02  1.0000E-99  0.0000E+00
  2.1886E+07  3.8146E+03  3.2952E+03  1.0020E+00  1.0005E+00  1.0579E+00  7.5506E+02  1.0017E+00  1.0010E+00  3.3329E+02  1.0000E-99  0.0000E+00
  2.1959E+07  3.9416E+03  2.7241E+03  1.0017E+00  1.0004E+00  1.0520E+00  6.5139E+02  1.0015E+00  1.0009E+00  4.8063E+02  1.0000E-99  0.0000E+00
  2.2033E+07  4.0620E+03  2.2602E+03  1.0015E+00  1.0004E+00  1.0468E+00  5.6349E+02  1.0013E+00  1.0007E+00  7.2302E+02  1.0000E-99  0.0000E+00
  2.2106E+07  4.1707E+03  1.8827E+03  1.0014E+00  1.0003E+00  1.0420E+00  4.8885E+02  1.0012E+00  1.0006E+00  1.1479E+03  1.0000E-99  0.0000E+00
  2.2180E+07  4.2823E+03  1.5736E+03  1.0012E+00  1.0002E+00  1.0378E+00  4.2533E+02  1.0010E+00  1.0005E+00  1.9596E+03  1.0000E-99  0.0000E+00
  2.2254E+07  4.3969E+03  1.3192E+03  1.0010E+00  1.0002E+00  1.0341E+00  3.7100E+02  1.0009E+00  1.0004E+00  3.7057E+03  1.0000E-99  0.0000E+00
  2.2327E+07  4.5076E+03  1.1135E+03  1.0009E+00  1.0002E+00  1.0309E+00  3.2524E+02  1.0009E+00  1.0003E+00  7.9851E+03  1.0000E-99  0.0000E+00
  2.2401E+07  4.6089E+03  9.4873E+02  1.0008E+00  1.0001E+00  1.0280E+00  2.8708E+02  1.0008E+00  1.0003E+00  2.0868E+04  1.0000E-99  0.0000E+00
  2.2475E+07  4.7124E+03  8.1093E+02  1.0007E+00  1.0001E+00  1.0255E+00  2.5404E+02  1.0007E+00  1.0002E+00  8.2737E+04  1.0000E-99  0.0000E+00
  2.2548E+07  4.8183E+03  6.9475E+02  1.0006E+00  1.0001E+00  1.0232E+00  2.2524E+02  1.0006E+00  1.0002E+00  1.0518E+06  1.0000E-99  0.0000E+00
  2.2622E+07  4.9245E+03  5.9759E+02  1.0005E+00  1.0000E+00  1.0212E+00  2.0030E+02  1.0005E+00  1.0002E+00  9.0000E+99  1.0000E-99  0.0000E+00
  2.2695E+07  5.0219E+03  5.2034E+02  1.0005E+00  1.0001E+00  1.0194E+00  1.7969E+02  1.0005E+00  1.0001E+00  9.0000E+99  1.0000E-99  0.0000E+00
  2.2769E+07  5.1213E+03  4.5398E+02  1.0004E+00  1.0000E+00  1.0178E+00  1.6146E+02  1.0004E+00  1.0001E+00  9.0000E+99  1.0000E-99  0.0000E+00
  2.2843E+07  5.2226E+03  3.9678E+02  1.0003E+00  1.0000E+00  1.0164E+00  1.4528E+02  1.0004E+00  1.0001E+00  9.0000E+99  1.0000E-99  0.0000E+00
  2.2916E+07  5.3259E+03  3.4732E+02  1.0003E+00  1.0000E+00  1.0150E+00  1.3089E+02  1.0004E+00  1.0001E+00  9.0000E+99  1.0000E-99  0.0000E+00
  2.2990E+07  5.4230E+03  3.0751E+02  1.0002E+00  1.0000E+00  1.0139E+00  1.1888E+02  1.0003E+00  1.0001E+00  9.0000E+99  1.0000E-99  0.0000E+00
  2.3063E+07  5.5196E+03  2.7341E+02  1.0002E+00  1.0000E+00  1.0129E+00  1.0830E+02  1.0003E+00  1.0001E+00  9.0000E+99  1.0000E-99  0.0000E+00
  2.3137E+07  5.6179E+03  2.4340E+02  1.0002E+00  1.0000E+00  1.0119E+00  9.8769E+01  1.0002E+00  1.0000E+00  9.0000E+99  1.0000E-99  0.0000E+00
  2.3211E+07  5.7179E+03  2.1690E+02  1.0001E+00  1.0000E+00  1.0110E+00  9.0148E+01  1.0002E+00  1.0000E+00  9.0000E+99  1.0000E-99  0.0000E+00
  2.3284E+07  5.8178E+03  1.9421E+02  1.0001E+00  1.0000E+00  1.0103E+00  8.2560E+01  1.0002E+00  1.0000E+00  9.0000E+99  1.0000E-99  0.0000E+00
  2.3358E+07  5.9140E+03  1.7582E+02  1.0001E+00  1.0000E+00  1.0096E+00  7.6214E+01  1.0002E+00  1.0000E+00  9.0000E+99  1.0000E-99  0.0000E+00
  2.3431E+07  6.0119E+03  1.5930E+02  1.0000E+00  1.0000E+00  1.0089E+00  7.0403E+01  1.0001E+00  1.0000E+00  9.0000E+99  1.0000E-99  0.0000E+00
  2.3505E+07  6.1114E+03  1.4443E+02  1.0000E+00  1.0000E+00  1.0084E+00  6.5070E+01  1.0001E+00  1.0000E+00  9.0000E+99  1.0000E-99  0.0000E+00
  2.3579E+07  6.2125E+03  1.3100E+02  1.0000E+00  1.0000E+00  1.0078E+00  6.0162E+01  1.0001E+00  1.0000E+00  9.0000E+99  1.0000E-99  0.0000E+00
  2.3652E+07  6.3180E+03  1.1956E+02  9.9999E-01  1.0000E+00  1.0073E+00  5.5879E+01  1.0001E+00  9.9999E-01  9.0000E+99  1.0000E-99  0.0000E+00
  2.3726E+07  6.4269E+03  1.0962E+02  9.9997E-01  9.9999E-01  1.0069E+00  5.2087E+01  1.0001E+00  9.9999E-01  9.0000E+99  1.0000E-99  0.0000E+00
  2.3800E+07  6.5378E+03  1.0044E+02  9.9996E-01  9.9999E-01  1.0064E+00  4.8523E+01  1.0000E+00  9.9998E-01  9.0000E+99  1.0000E-99  0.0000E+00
  2.3873E+07  6.6505E+03  9.2030E+01  9.9995E-01  9.9999E-01  1.0060E+00  4.5204E+01  1.0000E+00  9.9998E-01  9.0000E+99  1.0000E-99  0.0000E+00
  2.3947E+07  6.7652E+03  8.4305E+01  9.9993E-01  9.9998E-01  1.0057E+00  4.2107E+01  1.0000E+00  9.9997E-01  9.0000E+99  1.0000E-99  0.0000E+00
  2.4020E+07  6.8936E+03  7.7492E+01  9.9992E-01  9.9998E-01  1.0053E+00  3.9328E+01  1.0000E+00  9.9997E-01  9.0000E+99  1.0000E-99  0.0000E+00
  2.4094E+07  7.0260E+03  7.1224E+01  9.9991E-01  9.9998E-01  1.0050E+00  3.6732E+01  9.9999E-01  9.9996E-01  9.0000E+99  1.0000E-99  0.0000E+00
  2.4168E+07  7.1610E+03  6.5413E+01  9.9990E-01  9.9998E-01  1.0046E+00  3.4290E+01  9.9998E-01  9.9996E-01  9.0000E+99  1.0000E-99  0.0000E+00
  2.4241E+07  7.2986E+03  6.0022E+01  9.9990E-01  9.9997E-01  1.0043E+00  3.1992E+01  9.9996E-01  9.9995E-01  9.0000E+99  1.0000E-99  0.0000E+00
  2.4315E+07  7.4410E+03  5.5008E+01  9.9989E-01  9.9998E-01  1.0040E+00  2.9825E+01  9.9996E-01  9.9994E-01  9.0000E+99  1.0000E-99  0.0000E+00
  2.4388E+07  7.6077E+03  5.0227E+01  9.9988E-01  9.9997E-01  1.0037E+00  2.7744E+01  9.9994E-01  9.9995E-01  9.0000E+99  1.0000E-99  0.0000E+00
  2.4462E+07  7.7782E+03  4.5773E+01  9.9988E-01  9.9996E-01  1.0034E+00  2.5774E+01  9.9993E-01  9.9994E-01  9.0000E+99  1.0000E-99  0.0000E+00
  2.4536E+07  7.9525E+03  4.1630E+01  9.9988E-01  9.9996E-01  1.0031E+00  2.3913E+01  9.9991E-01  9.9994E-01  9.0000E+99  1.0000E-99  0.0000E+00
  2.4609E+07  8.1307E+03  3.7788E+01  9.9989E-01  9.9996E-01  1.0029E+00  2.2161E+01  9.9991E-01  9.9995E-01  9.0000E+99  1.0000E-99  0.0000E+00
  2.4683E+07  8.3251E+03  3.4279E+01  9.9990E-01  9.9995E-01  1.0026E+00  2.0536E+01  9.9989E-01  9.9996E-01  9.0000E+99  1.0000E-99  0.0000E+00
  2.4701E+07  8.3821E+03  3.3465E+01  9.9990E-01  9.9997E-01  1.0025E+00  2.0157E+01  9.9991E-01  9.9995E-01  9.0000E+99  1.0000E-99  0.0000E+00
  2.4720E+07  8.4396E+03  3.2668E+01  9.9990E-01  9.9997E-01  1.0025E+00  1.9784E+01  9.9991E-01  9.9995E-01  9.0000E+99  1.0000E-99  0.0000E+00
  2.4738E+07  8.4974E+03  3.1888E+01  9.9990E-01  9.9997E-01  1.0024E+00  1.9417E+01  9.9991E-01  9.9995E-01  9.0000E+99  1.0000E-99  0.0000E+00
  2.4757E+07  8.5556E+03  3.1123E+01  9.9991E-01  9.9997E-01  1.0024E+00  1.9055E+01  9.9991E-01  9.9995E-01  9.0000E+99  1.0000E-99  0.0000E+00
  2.4775E+07  8.6142E+03  3.0376E+01  9.9991E-01  9.9997E-01  1.0023E+00  1.8700E+01  9.9991E-01  9.9996E-01  9.0000E+99  1.0000E-99  0.0000E+00
  2.4793E+07  8.6733E+03  2.9644E+01  9.9992E-01  9.9997E-01  1.0023E+00  1.8350E+01  9.9991E-01  9.9996E-01  9.0000E+99  1.0000E-99  0.0000E+00
  2.4812E+07  8.7327E+03  2.8930E+01  9.9992E-01  9.9997E-01  1.0022E+00  1.8008E+01  9.9992E-01  9.9996E-01  9.0000E+99  1.0000E-99  0.0000E+00
  2.4830E+07  8.7925E+03  2.8234E+01  9.9993E-01  9.9997E-01  1.0022E+00  1.7672E+01  9.9992E-01  9.9996E-01  9.0000E+99  1.0000E-99  0.0000E+00
  2.4849E+07  8.8528E+03  2.7556E+01  9.9993E-01  9.9997E-01  1.0021E+00  1.7342E+01  9.9992E-01  9.9996E-01  9.0000E+99  1.0000E-99  0.0000E+00
  2.4867E+07  8.9134E+03  2.6895E+01  9.9994E-01  9.9998E-01  1.0021E+00  1.7019E+01  9.9993E-01  9.9997E-01  9.0000E+99  1.0000E-99  0.0000E+00
  2.4885E+07  8.9745E+03  2.6252E+01  9.9994E-01  9.9998E-01  1.0020E+00  1.6703E+01  9.9993E-01  9.9997E-01  9.0000E+99  1.0000E-99  0.0000E+00
  2.4904E+07  9.0360E+03  2.5626E+01  9.9994E-01  9.9998E-01  1.0020E+00  1.6394E+01  9.9993E-01  9.9997E-01  9.0000E+99  1.0000E-99  0.0000E+00
  2.4922E+07  9.0979E+03  2.5018E+01  9.9995E-01  9.9998E-01  1.0019E+00  1.6091E+01  9.9994E-01  9.9997E-01  9.0000E+99  1.0000E-99  0.0000E+00
  2.4941E+07  9.1602E+03  2.4425E+01  9.9995E-01  9.9998E-01  1.0019E+00  1.5795E+01  9.9994E-01  9.9998E-01  9.0000E+99  1.0000E-99  0.0000E+00
  2.4959E+07  9.2230E+03  2.3851E+01  9.9996E-01  9.9998E-01  1.0018E+00  1.5505E+01  9.9995E-01  9.9998E-01  9.0000E+99  1.0000E-99  0.0000E+00
  2.4977E+07  9.2862E+03  2.3293E+01  9.9996E-01  9.9998E-01  1.0018E+00  1.5222E+01  9.9995E-01  9.9998E-01  9.0000E+99  1.0000E-99  0.0000E+00
  2.4996E+07  9.3498E+03  2.2750E+01  9.9996E-01  9.9998E-01  1.0018E+00  1.4945E+01  9.9996E-01  9.9998E-01  9.0000E+99  1.0000E-99  0.0000E+00
  2.5014E+07  9.4139E+03  2.2223E+01  9.9997E-01  9.9999E-01  1.0017E+00  1.4674E+01  9.9996E-01  9.9998E-01  9.0000E+99  1.0000E-99  0.0000E+00
  2.5033E+07  9.4978E+03  2.1727E+01  9.9997E-01  9.9998E-01  1.0017E+00  1.4420E+01  9.9996E-01  9.9999E-01  9.0000E+99  1.0000E-99  0.0000E+00
  2.5051E+07  9.5861E+03  2.1245E+01  9.9997E-01  9.9999E-01  1.0017E+00  1.4172E+01  9.9997E-01  9.9998E-01  9.0000E+99  1.0000E-99  0.0000E+00
  2.5055E+07  9.6051E+03  2.1143E+01  9.9997E-01  9.9999E-01  1.0017E+00  1.4120E+01  9.9997E-01  9.9998E-01  9.0000E+99  1.0000E-99  0.0000E+00
  2.5063E+07  9.6431E+03  2.0941E+01  9.9997E-01  9.9999E-01  1.0016E+00  1.4015E+01  9.9997E-01  9.9999E-01  9.0000E+99  1.0000E-99  0.0000E+00
  2.5078E+07  9.7196E+03  2.0543E+01  9.9997E-01  9.9999E-01  1.0016E+00  1.3808E+01  9.9997E-01  9.9999E-01  9.0000E+99  1.0000E-99  0.0000E+00
  2.5097E+07  9.8100E+03  2.0085E+01  9.9997E-01  9.9999E-01  1.0016E+00  1.3568E+01  9.9997E-01  9.9999E-01  9.0000E+99  1.0000E-99  0.0000E+00
  2.5115E+07  9.9012E+03  1.9637E+01  9.9998E-01  9.9999E-01  1.0016E+00  1.3332E+01  9.9998E-01  9.9999E-01  9.0000E+99  1.0000E-99  0.0000E+00
  2.5134E+07  9.9932E+03  1.9199E+01  9.9998E-01  9.9999E-01  1.0015E+00  1.3100E+01  9.9998E-01  9.9999E-01  9.0000E+99  1.0000E-99  0.0000E+00
  2.5152E+07  1.0086E+04  1.8771E+01  9.9998E-01  9.9999E-01  1.0015E+00  1.2871E+01  9.9998E-01  9.9999E-01  9.0000E+99  1.0000E-99  0.0000E+00
  2.5170E+07  1.0180E+04  1.8351E+01  9.9998E-01  9.9999E-01  1.0015E+00  1.2645E+01  9.9998E-01  9.9999E-01  9.0000E+99  1.0000E-99  0.0000E+00
  2.5189E+07  1.0274E+04  1.7940E+01  9.9998E-01  9.9999E-01  1.0014E+00  1.2422E+01  9.9998E-01  9.9999E-01  9.0000E+99  1.0000E-99  0.0000E+00
  2.5207E+07  1.0370E+04  1.7538E+01  9.9998E-01  9.9999E-01  1.0014E+00  1.2202E+01  9.9999E-01  9.9999E-01  9.0000E+99  1.0000E-99  0.0000E+00
  2.5226E+07  1.0466E+04  1.7144E+01  9.9998E-01  9.9999E-01  1.0014E+00  1.1986E+01  9.9999E-01  9.9999E-01  9.0000E+99  1.0000E-99  0.0000E+00
  2.5244E+07  1.0564E+04  1.6757E+01  9.9999E-01  9.9999E-01  1.0014E+00  1.1772E+01  9.9999E-01  9.9999E-01  9.0000E+99  1.0000E-99  0.0000E+00
  2.5262E+07  1.0662E+04  1.6380E+01  9.9999E-01  9.9999E-01  1.0013E+00  1.1562E+01  9.9999E-01  9.9999E-01  9.0000E+99  1.0000E-99  0.0000E+00
  2.5281E+07  1.0761E+04  1.6010E+01  9.9999E-01  1.0000E+00  1.0013E+00  1.1355E+01  9.9999E-01  9.9999E-01  9.0000E+99  1.0000E-99  0.0000E+00
  2.5299E+07  1.0861E+04  1.5647E+01  9.9999E-01  1.0000E+00  1.0013E+00  1.1150E+01  9.9999E-01  9.9999E-01  9.0000E+99  1.0000E-99  0.0000E+00
  2.5318E+07  1.0962E+04  1.5292E+01  9.9999E-01  1.0000E+00  1.0013E+00  1.0949E+01  9.9999E-01  9.9999E-01  9.0000E+99  1.0000E-99  0.0000E+00
  2.5336E+07  1.1064E+04  1.4944E+01  9.9999E-01  1.0000E+00  1.0012E+00  1.0750E+01  9.9999E-01  1.0000E+00  9.0000E+99  1.0000E-99  0.0000E+00
  2.5355E+07  1.1167E+04  1.4604E+01  9.9999E-01  1.0000E+00  1.0012E+00  1.0555E+01  9.9999E-01  1.0000E+00  9.0000E+99  1.0000E-99  0.0000E+00
  2.5373E+07  1.1271E+04  1.4269E+01  9.9999E-01  1.0000E+00  1.0012E+00  1.0362E+01  9.9999E-01  1.0000E+00  9.0000E+99  1.0000E-99  0.0000E+00
  2.5391E+07  1.1405E+04  1.3791E+01  9.9998E-01  9.9999E-01  1.0011E+00  1.0097E+01  9.9999E-01  9.9999E-01  9.0000E+99  1.0000E-99  0.0000E+00
  2.5410E+07  1.1541E+04  1.3312E+01  9.9998E-01  9.9999E-01  1.0011E+00  9.8295E+00  9.9998E-01  9.9999E-01  9.0000E+99  1.0000E-99  0.0000E+00
  2.5428E+07  1.1679E+04  1.2839E+01  9.9998E-01  9.9999E-01  1.0010E+00  9.5638E+00  9.9998E-01  9.9999E-01  9.0000E+99  1.0000E-99  0.0000E+00
  2.5447E+07  1.1819E+04  1.2376E+01  9.9998E-01  9.9999E-01  1.0009E+00  9.3008E+00  9.9997E-01  9.9999E-01  9.0000E+99  1.0000E-99  0.0000E+00
  2.5465E+07  1.1960E+04  1.1925E+01  9.9998E-01  9.9999E-01  1.0009E+00  9.0417E+00  9.9997E-01  9.9999E-01  9.0000E+99  1.0000E-99  0.0000E+00
  2.5483E+07  1.2103E+04  1.1487E+01  9.9999E-01  9.9999E-01  1.0008E+00  8.7872E+00  9.9997E-01  9.9999E-01  9.0000E+99  1.0000E-99  0.0000E+00
  2.5502E+07  1.2248E+04  1.1062E+01  9.9999E-01  9.9999E-01  1.0008E+00  8.5376E+00  9.9997E-01  9.9999E-01  9.0000E+99  1.0000E-99  0.0000E+00
  2.5520E+07  1.2394E+04  1.0651E+01  9.9999E-01  9.9999E-01  1.0007E+00  8.2930E+00  9.9997E-01  1.0000E+00  9.0000E+99  1.0000E-99  0.0000E+00
  2.5539E+07  1.2542E+04  1.0253E+01  9.9999E-01  9.9999E-01  1.0007E+00  8.0535E+00  9.9997E-01  1.0000E+00  9.0000E+99  1.0000E-99  0.0000E+00
  2.5557E+07  1.2692E+04  9.8683E+00  9.9999E-01  9.9999E-01  1.0006E+00  7.8191E+00  9.9998E-01  9.9999E-01  9.0000E+99  1.0000E-99  0.0000E+00
  2.5575E+07  1.2844E+04  9.4965E+00  9.9999E-01  9.9999E-01  1.0006E+00  7.5899E+00  9.9998E-01  1.0000E+00  9.0000E+99  1.0000E-99  0.0000E+00
  2.5594E+07  1.2998E+04  9.1371E+00  9.9999E-01  9.9999E-01  1.0005E+00  7.3657E+00  9.9998E-01  1.0000E+00  9.0000E+99  1.0000E-99  0.0000E+00
  2.5612E+07  1.3153E+04  8.7898E+00  9.9999E-01  9.9999E-01  1.0005E+00  7.1465E+00  9.9998E-01  9.9999E-01  9.0000E+99  1.0000E-99  0.0000E+00
  2.5631E+07  1.3310E+04  8.4545E+00  9.9999E-01  9.9999E-01  1.0004E+00  6.9325E+00  9.9998E-01  1.0000E+00  9.0000E+99  1.0000E-99  0.0000E+00
  2.5649E+07  1.3469E+04  8.1307E+00  9.9999E-01  9.9999E-01  1.0004E+00  6.7233E+00  9.9998E-01  1.0000E+00  9.0000E+99  1.0000E-99  0.0000E+00
  2.5667E+07  1.3630E+04  7.8183E+00  9.9999E-01  9.9999E-01  1.0003E+00  6.5191E+00  9.9998E-01  1.0000E+00  9.0000E+99  1.0000E-99  0.0000E+00
  2.5686E+07  1.3793E+04  7.5168E+00  9.9999E-01  9.9999E-01  1.0003E+00  6.3199E+00  9.9998E-01  1.0000E+00  9.0000E+99  1.0000E-99  0.0000E+00
  2.5704E+07  1.3958E+04  7.2261E+00  9.9999E-01  9.9999E-01  1.0002E+00  6.1256E+00  9.9998E-01  1.0000E+00  9.0000E+99  1.0000E-99  0.0000E+00
  2.5723E+07  1.4125E+04  6.9457E+00  9.9999E-01  9.9999E-01  1.0002E+00  5.9361E+00  9.9999E-01  1.0000E+00  9.0000E+99  1.0000E-99  0.0000E+00
  2.5741E+07  1.4301E+04  6.6197E+00  9.9999E-01  9.9999E-01  1.0001E+00  5.7179E+00  9.9998E-01  1.0000E+00  9.0000E+99  1.0000E-99  0.0000E+00
  2.5747E+07  1.4362E+04  6.4976E+00  9.9999E-01  9.9999E-01  1.0001E+00  5.6366E+00  9.9997E-01  1.0000E+00  9.0000E+99  1.0000E-99  0.0000E+00
  2.5760E+07  1.4486E+04  6.2581E+00  9.9999E-01  9.9999E-01  1.0000E+00  5.4760E+00  9.9997E-01  9.9999E-01  9.0000E+99  1.0000E-99  0.0000E+00
  2.5778E+07  1.4672E+04  5.9184E+00  9.9999E-01  9.9999E-01  9.9994E-01  5.2449E+00  9.9997E-01  1.0000E+00  9.0000E+99  1.0000E-99  0.0000E+00
  2.5796E+07  1.4859E+04  5.5963E+00  9.9999E-01  9.9999E-01  9.9987E-01  5.0218E+00  9.9997E-01  1.0000E+00  9.0000E+99  1.0000E-99  0.0000E+00
  2.5815E+07  1.5049E+04  5.2914E+00  9.9999E-01  9.9999E-01  9.9979E-01  4.8067E+00  9.9998E-01  1.0000E+00  9.0000E+99  1.0000E-99  0.0000E+00
  2.5833E+07  1.5241E+04  5.0030E+00  9.9999E-01  9.9999E-01  9.9972E-01  4.5995E+00  9.9998E-01  1.0000E+00  9.0000E+99  1.0000E-99  0.0000E+00
  2.5852E+07  1.5436E+04  4.7304E+00  9.9999E-01  9.9999E-01  9.9965E-01  4.4002E+00  9.9998E-01  1.0000E+00  9.0000E+99  1.0000E-99  0.0000E+00
  2.5868E+07  1.5615E+04  4.4959E+00  1.0000E+00  9.9999E-01  9.9960E-01  4.2259E+00  9.9998E-01  1.0000E+00  9.0000E+99  1.0000E-99  0.0000E+00
  2.5887E+07  1.5815E+04  4.2517E+00  1.0000E+00  9.9999E-01  9.9954E-01  4.0412E+00  9.9998E-01  1.0000E+00  9.0000E+99  1.0000E-99  0.0000E+00
  2.5905E+07  1.6016E+04  4.0220E+00  1.0000E+00  9.9999E-01  9.9948E-01  3.8644E+00  9.9998E-01  1.0000E+00  9.0000E+99  1.0000E-99  0.0000E+00
  2.5924E+07  1.6221E+04  3.8054E+00  1.0000E+00  9.9999E-01  9.9944E-01  3.6948E+00  9.9998E-01  1.0000E+00  9.0000E+99  1.0000E-99  0.0000E+00
  2.5936E+07  1.6357E+04  3.6703E+00  1.0000E+00  9.9999E-01  9.9941E-01  3.5876E+00  9.9998E-01  1.0000E+00  9.0000E+99  1.0000E-99  0.0000E+00
  2.5954E+07  1.6566E+04  3.4749E+00  1.0000E+00  9.9999E-01  9.9937E-01  3.4302E+00  9.9998E-01  1.0000E+00  9.0000E+99  1.0000E-99  0.0000E+00
  2.5972E+07  1.6777E+04  3.2917E+00  1.0000E+00  1.0000E+00  9.9934E-01  3.2802E+00  9.9999E-01  1.0000E+00  9.0000E+99  1.0000E-99  0.0000E+00
  2.5991E+07  1.6992E+04  3.1201E+00  1.0000E+00  1.0000E+00  9.9931E-01  3.1375E+00  9.9999E-01  1.0000E+00  9.0000E+99  1.0000E-99  0.0000E+00
  2.6009E+07  1.7209E+04  2.9599E+00  1.0000E+00  1.0000E+00  9.9929E-01  3.0019E+00  9.9999E-01  1.0000E+00  9.0000E+99  1.0000E-99  0.0000E+00
  2.6028E+07  1.7429E+04  2.8105E+00  1.0000E+00  1.0000E+00  9.9928E-01  2.8736E+00  9.9999E-01  1.0000E+00  9.0000E+99  1.0000E-99  0.0000E+00
  2.6046E+07  1.7652E+04  2.6715E+00  1.0000E+00  1.0000E+00  9.9928E-01  2.7524E+00  9.9999E-01  1.0000E+00  9.0000E+99  1.0000E-99  0.0000E+00
  2.6064E+07  1.7877E+04  2.5425E+00  1.0000E+00  1.0000E+00  9.9928E-01  2.6382E+00  9.9999E-01  1.0000E+00  9.0000E+99  1.0000E-99  0.0000E+00
  2.6083E+07  1.8106E+04  2.4231E+00  1.0000E+00  1.0000E+00  9.9930E-01  2.5310E+00  9.9999E-01  1.0000E+00  9.0000E+99  1.0000E-99  0.0000E+00
  2.6101E+07  1.8323E+04  2.2966E+00  1.0000E+00  1.0000E+00  9.9929E-01  2.4177E+00  9.9999E-01  1.0000E+00  9.0000E+99  1.0000E-99  0.0000E+00
  2.6120E+07  1.8536E+04  2.1749E+00  1.0000E+00  1.0000E+00  9.9928E-01  2.3074E+00  9.9999E-01  1.0000E+00  9.0000E+99  1.0000E-99  0.0000E+00
  2.6138E+07  1.8752E+04  2.0640E+00  1.0000E+00  1.0000E+00  9.9928E-01  2.2048E+00  9.9999E-01  1.0000E+00  9.0000E+99  1.0000E-99  0.0000E+00
  2.6156E+07  1.8971E+04  1.9634E+00  1.0000E+00  1.0000E+00  9.9930E-01  2.1101E+00  9.9999E-01  1.0000E+00  9.0000E+99  1.0000E-99  0.0000E+00
  2.6175E+07  1.9193E+04  1.8725E+00  1.0000E+00  1.0000E+00  9.9933E-01  2.0230E+00  9.9999E-01  1.0000E+00  9.0000E+99  1.0000E-99  0.0000E+00
  2.6186E+07  1.9327E+04  1.8222E+00  1.0000E+00  9.9999E-01  9.9935E-01  1.9741E+00  9.9999E-01  1.0000E+00  9.0000E+99  1.0000E-99  0.0000E+00
  2.6204E+07  1.9553E+04  1.7455E+00  1.0000E+00  1.0000E+00  9.9939E-01  1.8985E+00  1.0000E+00  1.0000E+00  9.0000E+99  1.0000E-99  0.0000E+00
  2.6223E+07  1.9781E+04  1.6767E+00  1.0000E+00  1.0000E+00  9.9943E-01  1.8297E+00  1.0000E+00  9.9999E-01  9.0000E+99  1.0000E-99  0.0000E+00
  2.6241E+07  2.0012E+04  1.6151E+00  1.0000E+00  1.0000E+00  9.9948E-01  1.7671E+00  1.0000E+00  9.9999E-01  9.0000E+99  1.0000E-99  0.0000E+00
  2.6260E+07  2.0246E+04  1.5600E+00  1.0000E+00  1.0000E+00  9.9954E-01  1.7104E+00  1.0000E+00  9.9999E-01  9.0000E+99  1.0000E-99  0.0000E+00
  2.6278E+07  2.0482E+04  1.5108E+00  1.0000E+00  1.0000E+00  9.9959E-01  1.6590E+00  1.0000E+00  9.9999E-01  9.0000E+99  1.0000E-99  0.0000E+00
  2.6296E+07  2.0721E+04  1.4667E+00  1.0000E+00  9.9997E-01  9.9965E-01  1.6124E+00  9.9998E-01  1.0000E+00  9.0000E+99  1.0000E-99  0.0000E+00
  2.6315E+07  2.0963E+04  1.4274E+00  1.0000E+00  9.9999E-01  9.9970E-01  1.5703E+00  9.9999E-01  1.0000E+00  9.0000E+99  1.0000E-99  0.0000E+00
  2.6333E+07  2.1208E+04  1.3921E+00  1.0000E+00  9.9997E-01  9.9974E-01  1.5319E+00  9.9998E-01  1.0000E+00  9.0000E+99  1.0000E-99  0.0000E+00
  2.6352E+07  2.1456E+04  1.3604E+00  1.0000E+00  9.9999E-01  9.9979E-01  1.4971E+00  9.9999E-01  1.0000E+00  9.0000E+99  1.0000E-99  0.0000E+00
  2.6370E+07  2.1706E+04  1.3317E+00  1.0000E+00  9.9998E-01  9.9982E-01  1.4652E+00  9.9998E-01  1.0000E+00  9.0000E+99  1.0000E-99  0.0000E+00
  2.6388E+07  2.1960E+04  1.3059E+00  1.0000E+00  9.9999E-01  9.9985E-01  1.4360E+00  9.9999E-01  1.0000E+00  9.0000E+99  1.0000E-99  0.0000E+00
  2.6407E+07  2.2216E+04  1.2824E+00  1.0000E+00  9.9998E-01  9.9988E-01  1.4092E+00  9.9998E-01  1.0000E+00  9.0000E+99  1.0000E-99  0.0000E+00
  2.6425E+07  2.2475E+04  1.2610E+00  1.0000E+00  9.9999E-01  9.9990E-01  1.3845E+00  9.9999E-01  1.0000E+00  9.0000E+99  1.0000E-99  0.0000E+00
  2.6444E+07  2.2738E+04  1.2415E+00  1.0000E+00  9.9998E-01  9.9992E-01  1.3615E+00  9.9998E-01  1.0000E+00  9.0000E+99  1.0000E-99  0.0000E+00
  2.6462E+07  2.2990E+04  1.2252E+00  1.0000E+00  9.9999E-01  9.9995E-01  1.3420E+00  9.9999E-01  1.0000E+00  9.0000E+99  1.0000E-99  0.0000E+00
  2.6480E+07  2.3238E+04  1.2110E+00  1.0000E+00  9.9999E-01  9.9997E-01  1.3247E+00  9.9999E-01  1.0000E+00  9.0000E+99  1.0000E-99  0.0000E+00
  2.6499E+07  2.3490E+04  1.1979E+00  1.0000E+00  9.9999E-01  9.9999E-01  1.3085E+00  9.9999E-01  1.0000E+00  9.0000E+99  1.0000E-99  0.0000E+00
  2.6517E+07  2.3744E+04  1.1857E+00  1.0000E+00  9.9999E-01  1.0000E+00  1.2935E+00  9.9999E-01  1.0000E+00  9.0000E+99  1.0000E-99  0.0000E+00
  2.6536E+07  2.4000E+04  1.1745E+00  1.0000E+00  9.9999E-01  1.0000E+00  1.2793E+00  9.9999E-01  1.0000E+00  9.0000E+99  1.0000E-99  0.0000E+00
  2.6554E+07  2.4260E+04  1.1639E+00  1.0000E+00  9.9999E-01  1.0000E+00  1.2659E+00  9.9999E-01  1.0000E+00  9.0000E+99  1.0000E-99  0.0000E+00
  2.6572E+07  2.4522E+04  1.1541E+00  1.0000E+00  9.9999E-01  1.0000E+00  1.2533E+00  9.9999E-01  1.0000E+00  9.0000E+99  1.0000E-99  0.0000E+00
  2.6591E+07  2.4787E+04  1.1450E+00  1.0000E+00  9.9999E-01  1.0000E+00  1.2414E+00  9.9999E-01  1.0000E+00  9.0000E+99  1.0000E-99  0.0000E+00
  2.6609E+07  2.5056E+04  1.1364E+00  1.0000E+00  9.9999E-01  1.0000E+00  1.2301E+00  9.9999E-01  1.0000E+00  9.0000E+99  1.0000E-99  0.0000E+00
  2.6628E+07  2.5327E+04  1.1284E+00  1.0000E+00  9.9999E-01  1.0000E+00  1.2193E+00  9.9999E-01  1.0000E+00  9.0000E+99  1.0000E-99  0.0000E+00
  2.6646E+07  2.5600E+04  1.1209E+00  1.0000E+00  9.9999E-01  1.0000E+00  1.2092E+00  9.9999E-01  1.0000E+00  9.0000E+99  1.0000E-99  0.0000E+00
  2.6664E+07  2.5877E+04  1.1138E+00  1.0000E+00  9.9999E-01  1.0000E+00  1.1995E+00  9.9999E-01  1.0000E+00  9.0000E+99  1.0000E-99  0.0000E+00
  2.6683E+07  2.6157E+04  1.1072E+00  1.0000E+00  9.9999E-01  1.0000E+00  1.1903E+00  9.9999E-01  1.0000E+00  9.0000E+99  1.0000E-99  0.0000E+00
  2.6701E+07  2.6440E+04  1.1010E+00  1.0000E+00  9.9999E-01  1.0000E+00  1.1816E+00  9.9999E-01  1.0000E+00  9.0000E+99  1.0000E-99  0.0000E+00
  2.6720E+07  2.6726E+04  1.0952E+00  1.0000E+00  9.9999E-01  1.0000E+00  1.1733E+00  9.9999E-01  1.0000E+00  9.0000E+99  1.0000E-99  0.0000E+00
  2.6738E+07  2.7015E+04  1.0897E+00  1.0000E+00  9.9999E-01  1.0000E+00  1.1655E+00  9.9999E-01  1.0000E+00  9.0000E+99  1.0000E-99  0.0000E+00
  2.6756E+07  2.7307E+04  1.0846E+00  1.0000E+00  9.9999E-01  1.0000E+00  1.1580E+00  9.9999E-01  1.0000E+00  9.0000E+99  1.0000E-99  0.0000E+00
  2.6775E+07  2.7602E+04  1.0798E+00  1.0000E+00  9.9999E-01  1.0000E+00  1.1508E+00  9.9999E-01  1.0000E+00  9.0000E+99  1.0000E-99  0.0000E+00
  2.6793E+07  2.7901E+04  1.0752E+00  1.0000E+00  9.9999E-01  1.0000E+00  1.1440E+00  9.9999E-01  1.0000E+00  9.0000E+99  1.0000E-99  0.0000E+00
  2.6812E+07  2.8203E+04  1.0710E+00  1.0000E+00  9.9999E-01  1.0000E+00  1.1376E+00  9.9999E-01  1.0000E+00  9.0000E+99  1.0000E-99  0.0000E+00
  2.6830E+07  2.8494E+04  1.0675E+00  1.0000E+00  1.0000E+00  1.0000E+00  1.1322E+00  1.0000E+00  1.0000E+00  9.0000E+99  1.0000E-99  0.0000E+00
  2.6848E+07  2.8787E+04  1.0642E+00  1.0000E+00  1.0000E+00  1.0000E+00  1.1271E+00  1.0000E+00  1.0000E+00  9.0000E+99  1.0000E-99  0.0000E+00
  2.6867E+07  2.9083E+04  1.0612E+00  1.0000E+00  1.0000E+00  1.0000E+00  1.1222E+00  1.0000E+00  1.0000E+00  9.0000E+99  1.0000E-99  0.0000E+00
  2.6885E+07  2.9382E+04  1.0582E+00  1.0000E+00  1.0000E+00  1.0000E+00  1.1176E+00  1.0000E+00  1.0000E+00  9.0000E+99  1.0000E-99  0.0000E+00
  2.6904E+07  2.9685E+04  1.0555E+00  1.0000E+00  1.0000E+00  1.0000E+00  1.1131E+00  1.0000E+00  1.0000E+00  9.0000E+99  1.0000E-99  0.0000E+00
  2.6922E+07  2.9990E+04  1.0528E+00  1.0000E+00  1.0000E+00  1.0000E+00  1.1088E+00  1.0000E+00  1.0000E+00  9.0000E+99  1.0000E-99  0.0000E+00
  2.6940E+07  3.0299E+04  1.0503E+00  1.0000E+00  1.0000E+00  1.0000E+00  1.1047E+00  1.0000E+00  1.0000E+00  9.0000E+99  1.0000E-99  0.0000E+00
  2.6959E+07  3.0610E+04  1.0479E+00  1.0000E+00  1.0000E+00  1.0000E+00  1.1008E+00  1.0000E+00  1.0000E+00  9.0000E+99  1.0000E-99  0.0000E+00
  2.6977E+07  3.0925E+04  1.0457E+00  1.0000E+00  1.0000E+00  1.0000E+00  1.0969E+00  1.0000E+00  1.0000E+00  9.0000E+99  1.0000E-99  0.0000E+00
  2.6996E+07  3.1243E+04  1.0435E+00  1.0000E+00  1.0000E+00  1.0000E+00  1.0933E+00  1.0000E+00  1.0000E+00  9.0000E+99  1.0000E-99  0.0000E+00
  2.7014E+07  3.1565E+04  1.0414E+00  1.0000E+00  1.0000E+00  1.0000E+00  1.0897E+00  1.0000E+00  1.0000E+00  9.0000E+99  1.0000E-99  0.0000E+00
  2.7032E+07  3.1889E+04  1.0395E+00  1.0000E+00  1.0000E+00  1.0000E+00  1.0863E+00  1.0000E+00  1.0000E+00  9.0000E+99  1.0000E-99  0.0000E+00
  2.7051E+07  3.2217E+04  1.0376E+00  1.0000E+00  1.0000E+00  1.0000E+00  1.0831E+00  1.0000E+00  1.0000E+00  9.0000E+99  1.0000E-99  0.0000E+00
  2.7069E+07  3.2549E+04  1.0358E+00  1.0000E+00  1.0000E+00  1.0000E+00  1.0799E+00  1.0000E+00  1.0000E+00  9.0000E+99  1.0000E-99  0.0000E+00
  2.7088E+07  3.2884E+04  1.0341E+00  1.0000E+00  1.0000E+00  1.0000E+00  1.0769E+00  1.0000E+00  1.0000E+00  9.0000E+99  1.0000E-99  0.0000E+00
  2.7106E+07  3.3222E+04  1.0325E+00  1.0000E+00  1.0000E+00  1.0000E+00  1.0739E+00  1.0000E+00  1.0000E+00  9.0000E+99  1.0000E-99  0.0000E+00
  2.7124E+07  3.3564E+04  1.0309E+00  1.0000E+00  1.0000E+00  1.0000E+00  1.0711E+00  1.0000E+00  1.0000E+00  9.0000E+99  1.0000E-99  0.0000E+00
  2.7143E+07  3.3909E+04  1.0295E+00  1.0000E+00  1.0000E+00  1.0000E+00  1.0684E+00  1.0000E+00  1.0000E+00  9.0000E+99  1.0000E-99  0.0000E+00
  2.7161E+07  3.4258E+04  1.0281E+00  1.0000E+00  1.0000E+00  1.0000E+00  1.0658E+00  1.0000E+00  1.0000E+00  9.0000E+99  1.0000E-99  0.0000E+00
  2.7180E+07  3.4610E+04  1.0267E+00  1.0000E+00  1.0000E+00  1.0000E+00  1.0632E+00  1.0000E+00  1.0000E+00  9.0000E+99  1.0000E-99  0.0000E+00
  2.7198E+07  3.4949E+04  1.0256E+00  1.0000E+00  1.0000E+00  1.0000E+00  1.0611E+00  1.0000E+00  1.0000E+00  9.0000E+99  1.0000E-99  0.0000E+00
  2.7216E+07  3.5289E+04  1.0246E+00  1.0000E+00  1.0000E+00  1.0000E+00  1.0592E+00  1.0000E+00  1.0000E+00  9.0000E+99  1.0000E-99  0.0000E+00
  2.7235E+07  3.5632E+04  1.0236E+00  1.0000E+00  1.0000E+00  1.0000E+00  1.0572E+00  1.0000E+00  1.0000E+00  9.0000E+99  1.0000E-99  0.0000E+00
  2.7253E+07  3.5979E+04  1.0227E+00  1.0000E+00  1.0000E+00  1.0000E+00  1.0554E+00  1.0000E+00  1.0000E+00  9.0000E+99  1.0000E-99  0.0000E+00
  2.7272E+07  3.6328E+04  1.0217E+00  1.0000E+00  1.0000E+00  1.0000E+00  1.0536E+00  1.0000E+00  1.0000E+00  9.0000E+99  1.0000E-99  0.0000E+00
  2.7290E+07  3.6682E+04  1.0209E+00  1.0000E+00  1.0000E+00  1.0000E+00  1.0518E+00  1.0000E+00  1.0000E+00  9.0000E+99  1.0000E-99  0.0000E+00
  2.7308E+07  3.7038E+04  1.0200E+00  1.0000E+00  1.0000E+00  1.0000E+00  1.0501E+00  1.0000E+00  1.0000E+00  9.0000E+99  1.0000E-99  0.0000E+00
  2.7327E+07  3.7398E+04  1.0192E+00  1.0000E+00  1.0000E+00  1.0000E+00  1.0485E+00  1.0000E+00  1.0000E+00  9.0000E+99  1.0000E-99  0.0000E+00
  2.7345E+07  3.7762E+04  1.0184E+00  1.0000E+00  1.0000E+00  1.0000E+00  1.0469E+00  1.0000E+00  1.0000E+00  9.0000E+99  1.0000E-99  0.0000E+00
  2.7364E+07  3.8129E+04  1.0177E+00  1.0000E+00  1.0000E+00  1.0000E+00  1.0453E+00  1.0000E+00  1.0000E+00  9.0000E+99  1.0000E-99  0.0000E+00
  2.7382E+07  3.8500E+04  1.0169E+00  1.0000E+00  1.0000E+00  1.0000E+00  1.0438E+00  1.0000E+00  1.0000E+00  9.0000E+99  1.0000E-99  0.0000E+00
  2.7401E+07  3.8874E+04  1.0162E+00  1.0000E+00  1.0000E+00  1.0000E+00  1.0423E+00  1.0000E+00  1.0000E+00  9.0000E+99  1.0000E-99  0.0000E+00
  2.7419E+07  3.9252E+04  1.0156E+00  1.0000E+00  1.0000E+00  1.0000E+00  1.0409E+00  1.0000E+00  1.0000E+00  9.0000E+99  1.0000E-99  0.0000E+00
  2.7437E+07  3.9634E+04  1.0149E+00  1.0000E+00  1.0000E+00  1.0000E+00  1.0395E+00  1.0000E+00  1.0000E+00  9.0000E+99  1.0000E-99  0.0000E+00
  2.7456E+07  4.0019E+04  1.0143E+00  1.0000E+00  1.0000E+00  1.0000E+00  1.0381E+00  1.0000E+00  1.0000E+00  9.0000E+99  1.0000E-99  0.0000E+00
  2.7474E+07  4.0409E+04  1.0137E+00  1.0000E+00  1.0000E+00  1.0000E+00  1.0368E+00  1.0000E+00  1.0000E+00  9.0000E+99  1.0000E-99  0.0000E+00
  2.7493E+07  4.0801E+04  1.0131E+00  1.0000E+00  1.0000E+00  1.0000E+00  1.0355E+00  1.0000E+00  1.0000E+00  9.0000E+99  1.0000E-99  0.0000E+00
  2.7511E+07  4.1198E+04  1.0125E+00  1.0000E+00  1.0000E+00  1.0000E+00  1.0342E+00  1.0000E+00  1.0000E+00  9.0000E+99  1.0000E-99  0.0000E+00
  2.7529E+07  4.1599E+04  1.0120E+00  1.0000E+00  1.0000E+00  1.0000E+00  1.0330E+00  1.0000E+00  1.0000E+00  9.0000E+99  1.0000E-99  0.0000E+00
  2.7548E+07  4.2003E+04  1.0114E+00  1.0000E+00  1.0000E+00  1.0000E+00  1.0318E+00  1.0000E+00  1.0000E+00  9.0000E+99  1.0000E-99  0.0000E+00
  2.7566E+07  4.2398E+04  1.0108E+00  1.0000E+00  1.0000E+00  1.0000E+00  1.0304E+00  1.0000E+00  1.0000E+00  9.0000E+99  1.0000E-99  0.0000E+00
  2.7585E+07  4.2790E+04  1.0101E+00  1.0000E+00  1.0000E+00  1.0000E+00  1.0289E+00  1.0000E+00  1.0000E+00  9.0000E+99  1.0000E-99  0.0000E+00
  2.7603E+07  4.3185E+04  1.0095E+00  1.0000E+00  1.0000E+00  1.0000E+00  1.0274E+00  1.0000E+00  1.0000E+00  9.0000E+99  1.0000E-99  0.0000E+00
  2.7621E+07  4.3584E+04  1.0089E+00  1.0000E+00  1.0000E+00  1.0000E+00  1.0260E+00  1.0000E+00  1.0000E+00  9.0000E+99  1.0000E-99  0.0000E+00
  2.7640E+07  4.3986E+04  1.0083E+00  1.0000E+00  1.0000E+00  1.0000E+00  1.0247E+00  1.0000E+00  1.0000E+00  9.0000E+99  1.0000E-99  0.0000E+00
  2.7658E+07  4.4393E+04  1.0077E+00  1.0000E+00  1.0000E+00  1.0000E+00  1.0233E+00  1.0000E+00  1.0000E+00  9.0000E+99  1.0000E-99  0.0000E+00
  2.7677E+07  4.4803E+04  1.0072E+00  1.0000E+00  1.0000E+00  1.0000E+00  1.0221E+00  1.0000E+00  1.0000E+00  9.0000E+99  1.0000E-99  0.0000E+00
  2.7695E+07  4.5216E+04  1.0066E+00  1.0000E+00  1.0000E+00  1.0000E+00  1.0208E+00  1.0000E+00  1.0000E+00  9.0000E+99  1.0000E-99  0.0000E+00
  2.7713E+07  4.5634E+04  1.0062E+00  1.0000E+00  1.0000E+00  1.0000E+00  1.0196E+00  1.0000E+00  1.0000E+00  9.0000E+99  1.0000E-99  0.0000E+00
  2.7732E+07  4.6056E+04  1.0057E+00  1.0000E+00  1.0000E+00  1.0000E+00  1.0185E+00  1.0000E+00  1.0000E+00  9.0000E+99  1.0000E-99  0.0000E+00
  2.7750E+07  4.6481E+04  1.0052E+00  1.0000E+00  1.0000E+00  1.0000E+00  1.0173E+00  1.0000E+00  1.0000E+00  9.0000E+99  1.0000E-99  0.0000E+00
  2.7769E+07  4.6910E+04  1.0048E+00  1.0000E+00  1.0000E+00  1.0000E+00  1.0162E+00  1.0000E+00  1.0000E+00  9.0000E+99  1.0000E-99  0.0000E+00
  2.7787E+07  4.7344E+04  1.0044E+00  1.0000E+00  1.0000E+00  1.0000E+00  1.0152E+00  1.0000E+00  1.0000E+00  9.0000E+99  1.0000E-99  0.0000E+00
  2.7805E+07  4.7781E+04  1.0040E+00  1.0000E+00  1.0000E+00  1.0000E+00  1.0141E+00  1.0000E+00  1.0000E+00  9.0000E+99  1.0000E-99  0.0000E+00
  2.7824E+07  4.8222E+04  1.0036E+00  1.0000E+00  1.0000E+00  1.0000E+00  1.0131E+00  1.0000E+00  1.0000E+00  9.0000E+99  1.0000E-99  0.0000E+00
  2.7842E+07  4.8667E+04  1.0032E+00  1.0000E+00  1.0000E+00  1.0000E+00  1.0122E+00  1.0000E+00  1.0000E+00  9.0000E+99  1.0000E-99  0.0000E+00
  2.7861E+07  4.9117E+04  1.0029E+00  1.0000E+00  1.0000E+00  1.0000E+00  1.0112E+00  1.0000E+00  1.0000E+00  9.0000E+99  1.0000E-99  0.0000E+00
  2.7879E+07  4.9571E+04  1.0025E+00  1.0000E+00  1.0000E+00  1.0000E+00  1.0103E+00  1.0000E+00  1.0000E+00  9.0000E+99  1.0000E-99  0.0000E+00
  2.7897E+07  5.0028E+04  1.0022E+00  1.0000E+00  1.0000E+00  1.0000E+00  1.0094E+00  1.0000E+00  1.0000E+00  9.0000E+99  1.0000E-99  0.0000E+00
  2.7916E+07  5.0491E+04  1.0019E+00  1.0000E+00  1.0000E+00  1.0000E+00  1.0085E+00  1.0000E+00  1.0000E+00  9.0000E+99  1.0000E-99  0.0000E+00
  2.7934E+07  5.0932E+04  1.0016E+00  9.9998E-01  1.0000E+00  1.0000E+00  1.0077E+00  1.0000E+00  1.0000E+00  9.0000E+99  1.0000E-99  0.0000E+00
  2.7953E+07  5.1191E+04  1.0018E+00  1.0000E+00  1.0000E+00  1.0000E+00  1.0079E+00  1.0000E+00  1.0000E+00  9.0000E+99  1.0000E-99  0.0000E+00
  2.7971E+07  5.1451E+04  1.0019E+00  1.0000E+00  1.0000E+00  1.0000E+00  1.0081E+00  1.0000E+00  1.0000E+00  9.0000E+99  1.0000E-99  0.0000E+00
  2.7989E+07  5.1713E+04  1.0020E+00  1.0000E+00  1.0000E+00  1.0000E+00  1.0084E+00  1.0000E+00  1.0000E+00  9.0000E+99  1.0000E-99  0.0000E+00
  2.8008E+07  5.1975E+04  1.0021E+00  1.0000E+00  1.0000E+00  1.0000E+00  1.0086E+00  1.0000E+00  1.0000E+00  9.0000E+99  1.0000E-99  0.0000E+00
  2.8026E+07  5.2240E+04  1.0023E+00  1.0000E+00  1.0000E+00  1.0000E+00  1.0088E+00  1.0000E+00  1.0000E+00  9.0000E+99  1.0000E-99  0.0000E+00
  2.8045E+07  5.2505E+04  1.0024E+00  1.0000E+00  1.0000E+00  1.0000E+00  1.0090E+00  1.0000E+00  1.0000E+00  9.0000E+99  1.0000E-99  0.0000E+00
  2.8063E+07  5.2772E+04  1.0025E+00  1.0000E+00  1.0000E+00  1.0000E+00  1.0092E+00  1.0000E+00  1.0000E+00  9.0000E+99  1.0000E-99  0.0000E+00
  2.8081E+07  5.3040E+04  1.0026E+00  1.0000E+00  1.0000E+00  1.0000E+00  1.0094E+00  1.0000E+00  1.0000E+00  9.0000E+99  1.0000E-99  0.0000E+00
  2.8100E+07  5.3310E+04  1.0028E+00  1.0000E+00  1.0000E+00  1.0000E+00  1.0096E+00  1.0000E+00  1.0000E+00  9.0000E+99  1.0000E-99  0.0000E+00
  2.8118E+07  5.3581E+04  1.0029E+00  1.0000E+00  1.0000E+00  1.0000E+00  1.0099E+00  1.0000E+00  1.0000E+00  9.0000E+99  1.0000E-99  0.0000E+00
  2.8137E+07  5.3853E+04  1.0030E+00  1.0000E+00  1.0000E+00  1.0000E+00  1.0101E+00  1.0000E+00  1.0000E+00  9.0000E+99  1.0000E-99  0.0000E+00
  2.8155E+07  5.4127E+04  1.0031E+00  1.0000E+00  1.0000E+00  1.0000E+00  1.0103E+00  1.0000E+00  1.0000E+00  9.0000E+99  1.0000E-99  0.0000E+00
  2.8173E+07  5.4402E+04  1.0033E+00  1.0000E+00  1.0000E+00  1.0000E+00  1.0105E+00  1.0000E+00  1.0000E+00  9.0000E+99  1.0000E-99  0.0000E+00
  2.8192E+07  5.4679E+04  1.0034E+00  1.0000E+00  1.0000E+00  1.0000E+00  1.0108E+00  1.0000E+00  1.0000E+00  9.0000E+99  1.0000E-99  0.0000E+00
  2.8210E+07  5.4957E+04  1.0035E+00  1.0000E+00  1.0000E+00  1.0000E+00  1.0110E+00  1.0000E+00  1.0000E+00  9.0000E+99  1.0000E-99  0.0000E+00
  2.8229E+07  5.5236E+04  1.0036E+00  1.0000E+00  1.0000E+00  1.0000E+00  1.0112E+00  1.0000E+00  1.0000E+00  9.0000E+99  1.0000E-99  0.0000E+00
  2.8247E+07  5.5517E+04  1.0038E+00  1.0000E+00  1.0000E+00  1.0000E+00  1.0115E+00  1.0000E+00  1.0000E+00  9.0000E+99  1.0000E-99  0.0000E+00
  2.8265E+07  5.5799E+04  1.0039E+00  1.0000E+00  1.0000E+00  1.0000E+00  1.0117E+00  1.0000E+00  1.0000E+00  9.0000E+99  1.0000E-99  0.0000E+00
  2.8284E+07  5.6083E+04  1.0040E+00  1.0000E+00  1.0000E+00  1.0000E+00  1.0120E+00  1.0000E+00  1.0000E+00  9.0000E+99  1.0000E-99  0.0000E+00
  2.8302E+07  5.6368E+04  1.0041E+00  1.0000E+00  1.0000E+00  1.0000E+00  1.0122E+00  1.0000E+00  1.0000E+00  9.0000E+99  1.0000E-99  0.0000E+00
  2.8321E+07  5.7066E+04  1.0040E+00  1.0000E+00  1.0000E+00  9.9999E-01  1.0118E+00  1.0000E+00  1.0000E+00  9.0000E+99  1.0000E-99  0.0000E+00
  2.8339E+07  5.9480E+04  1.0027E+00  1.0000E+00  1.0000E+00  9.9995E-01  1.0090E+00  1.0000E+00  1.0000E+00  9.0000E+99  1.0000E-99  0.0000E+00
  2.8357E+07  6.1996E+04  1.0015E+00  1.0000E+00  1.0000E+00  9.9996E-01  1.0062E+00  1.0000E+00  1.0000E+00  9.0000E+99  1.0000E-99  0.0000E+00
  2.8376E+07  6.4618E+04  1.0004E+00  1.0000E+00  1.0000E+00  9.9996E-01  1.0035E+00  1.0000E+00  1.0000E+00  9.0000E+99  1.0000E-99  0.0000E+00
  2.8394E+07  6.7351E+04  9.9943E-01  1.0000E+00  9.9999E-01  9.9996E-01  1.0008E+00  9.9999E-01  1.0000E+00  9.0000E+99  1.0000E-99  0.0000E+00
  2.8413E+07  7.0200E+04  9.9850E-01  1.0000E+00  1.0000E+00  9.9995E-01  9.9825E-01  1.0000E+00  9.9999E-01  9.0000E+99  1.0000E-99  0.0000E+00
  2.8431E+07  7.3169E+04  9.9757E-01  1.0000E+00  1.0000E+00  9.9995E-01  9.9565E-01  1.0000E+00  9.9999E-01  9.0000E+99  1.0000E-99  0.0000E+00
  2.8449E+07  7.6264E+04  9.9667E-01  1.0000E+00  1.0000E+00  9.9994E-01  9.9294E-01  1.0000E+00  9.9999E-01  9.0000E+99  1.0000E-99  0.0000E+00
  2.8468E+07  7.9490E+04  9.9571E-01  1.0000E+00  1.0000E+00  9.9993E-01  9.9001E-01  1.0000E+00  9.9999E-01  9.0000E+99  1.0000E-99  0.0000E+00
  2.8486E+07  8.2853E+04  9.9467E-01  1.0000E+00  1.0000E+00  9.9992E-01  9.8679E-01  1.0000E+00  9.9999E-01  9.0000E+99  1.0000E-99  0.0000E+00
  2.8505E+07  8.6357E+04  9.9345E-01  1.0000E+00  1.0000E+00  9.9990E-01  9.8278E-01  1.0000E+00  9.9999E-01  9.0000E+99  1.0000E-99  0.0000E+00
  2.8523E+07  9.0010E+04  9.9186E-01  1.0000E+00  1.0000E+00  9.9987E-01  9.7717E-01  1.0000E+00  9.9999E-01  9.0000E+99  1.0000E-99  0.0000E+00
  2.8541E+07  9.3817E+04  9.8872E-01  1.0000E+00  1.0000E+00  9.9983E-01  9.6621E-01  1.0000E+00  1.0000E+00  9.0000E+99  1.0000E-99  0.0000E+00
  2.8554E+07  9.6505E+04  9.7405E-01  1.0000E+00  1.0000E+00  9.9963E-01  9.1628E-01  1.0000E+00  1.0000E+00  9.0000E+99  1.0000E-99  0.0000E+00
  2.8554E+07  9.6546E+04  9.7195E-01  1.0000E+00  1.0000E+00  9.9960E-01  9.0887E-01  1.0000E+00  1.0000E+00  9.0000E+99  1.0000E-99  0.0000E+00
  2.8554E+07  9.6587E+04  9.6923E-01  1.0000E+00  1.0000E+00  9.9958E-01  8.9915E-01  1.0000E+00  1.0000E+00  9.0000E+99  1.0000E-99  0.0000E+00
  2.8555E+07  9.6606E+04  9.6760E-01  1.0000E+00  1.0000E+00  9.9956E-01  8.9318E-01  1.0000E+00  1.0000E+00  9.0000E+99  1.0000E-99  0.0000E+00
  2.8555E+07  9.6622E+04  9.6596E-01  1.0000E+00  1.0000E+00  9.9954E-01  8.8708E-01  1.0000E+00  1.0000E+00  9.0000E+99  1.0000E-99  0.0000E+00
  2.8555E+07  9.6629E+04  9.6516E-01  1.0000E+00  1.0000E+00  9.9953E-01  8.8405E-01  1.0000E+00  1.0000E+00  9.0000E+99  1.0000E-99  0.0000E+00
  2.8555E+07  9.6636E+04  9.6440E-01  1.0000E+00  1.0000E+00  9.9953E-01  8.8118E-01  1.0000E+00  1.0000E+00  9.0000E+99  1.0000E-99  0.0000E+00
  2.8555E+07  9.6649E+04  9.6259E-01  1.0000E+00  1.0000E+00  9.9951E-01  8.7420E-01  1.0000E+00  1.0000E+00  9.0000E+99  1.0000E-99  0.0000E+00
  2.8555E+07  9.6675E+04  9.5753E-01  1.0000E+00  1.0000E+00  9.9947E-01  8.5371E-01  1.0000E+00  1.0000E+00  9.0000E+99  1.0000E-99  0.0000E+00
  2.8555E+07  9.6702E+04  9.3851E-01  1.0000E+00  9.9997E-01  9.9903E-01  7.6634E-01  9.9994E-01  1.0000E+00  9.0000E+99  1.0000E-99  0.0000E+00
