 Teff =  2300.00  logg =  4.50  mixLengthPara =  2.00  Abschluss =  8  beta =  2.20  pconv[bar] =  0.29
           6           7
 
           p         pel           T          a1          a2          N1          N2
  2.4110E-08  5.8153E-18  1.0306E+03  1.9564E-07  1.9564E-07  5.0330E-24  0.0000E+00
  2.4110E-08  5.8153E-18  1.0306E+03  1.9564E-07  1.9564E-07  1.5099E-23  0.0000E+00
  2.4110E-08  5.8153E-18  1.0306E+03  1.9564E-07  1.9222E-07  3.5231E-23  1.1383E-34
  2.4111E-08  5.8153E-18  1.0306E+03  1.9564E-07  1.9564E-07  7.5495E-23  0.0000E+00
  2.4111E-08  5.8153E-18  1.0306E+03  1.9564E-07  1.9564E-07  1.5602E-22  0.0000E+00
  2.4111E-08  5.8153E-18  1.0306E+03  1.9564E-07  1.9564E-07  3.1709E-22  0.0000E+00
  2.4111E-08  5.8154E-18  1.0306E+03  1.9564E-07  1.9564E-07  6.3923E-22  0.0000E+00
  2.4112E-08  5.8154E-18  1.0306E+03  1.9564E-07  1.9564E-07  1.2836E-21  0.0000E+00
  2.4113E-08  5.8156E-18  1.0306E+03  1.9564E-07  1.9564E-07  2.5724E-21  0.0000E+00
  2.4115E-08  5.8158E-18  1.0306E+03  1.9564E-07  1.9564E-07  5.1511E-21  0.0000E+00
  2.4119E-08  5.8163E-18  1.0306E+03  1.9564E-07  1.9564E-07  1.0312E-20  0.0000E+00
  2.4127E-08  5.8174E-18  1.0306E+03  1.9564E-07  1.9564E-07  2.0648E-20  0.0000E+00
  2.4144E-08  5.8195E-18  1.0306E+03  1.9564E-07  1.9564E-07  4.1375E-20  0.0000E+00
  2.4178E-08  5.8236E-18  1.0306E+03  1.9564E-07  1.9564E-07  8.3058E-20  0.0000E+00
  2.4246E-08  5.8319E-18  1.0306E+03  1.9566E-07  1.9564E-07  1.6705E-19  2.9044E-22
  2.4382E-08  5.8486E-18  1.0306E+03  1.9564E-07  1.9564E-07  3.3960E-19  0.0000E+00
  2.4656E-08  5.8822E-18  1.0306E+03  1.9564E-07  1.9564E-07  6.9938E-19  0.0000E+00
  2.5213E-08  5.9498E-18  1.0306E+03  1.9565E-07  1.9565E-07  1.4836E-18  0.0000E+00
  2.6088E-08  6.0546E-18  1.0306E+03  1.9566E-07  1.8785E-07  2.8636E-18  4.6051E-24
  2.6994E-08  6.1612E-18  1.0306E+03  1.9567E-07  1.9567E-07  4.4966E-18  0.0000E+00
  2.7931E-08  6.2696E-18  1.0306E+03  2.7954E-07  1.9568E-07  6.4230E-18  2.5353E-25
  2.8900E-08  6.3800E-18  1.0306E+03  2.7499E-07  1.9569E-07  8.6896E-18  8.5170E-25
  2.9903E-08  6.4923E-18  1.0307E+03  2.3090E-07  1.9570E-07  1.1350E-17  1.0510E-23
  3.0941E-08  6.6066E-18  1.0307E+03  2.2241E-07  1.9571E-07  1.4467E-17  3.5340E-23
  3.2015E-08  6.7229E-18  1.0307E+03  1.9573E-07  6.6949E-08  1.8112E-17  1.7110E-23
  3.3126E-08  6.8412E-18  1.0307E+03  1.9574E-07  1.3258E-07  2.2369E-17  4.2772E-23
  3.4280E-08  6.9622E-18  1.0307E+03  1.9576E-07  4.4946E-08  2.7336E-17  5.7587E-23
  3.5485E-08  7.0869E-18  1.0307E+03  1.9577E-07  5.3238E-08  3.3137E-17  8.0753E-23
  3.6732E-08  7.2138E-18  1.0308E+03  1.9579E-07  1.6959E-07  3.9898E-17  6.5570E-22
  3.8023E-08  7.3430E-18  1.0308E+03  1.9581E-07  1.7650E-07  4.7770E-17  1.7023E-21
  3.9360E-08  7.4745E-18  1.0308E+03  1.9583E-07  1.7709E-07  5.6929E-17  2.6670E-21
  4.0743E-08  7.6084E-18  1.0308E+03  1.9585E-07  1.7878E-07  6.7579E-17  4.6353E-21
  4.2175E-08  7.7447E-18  1.0308E+03  1.9587E-07  1.8109E-07  7.9952E-17  8.7748E-21
  4.3658E-08  7.8834E-18  1.0308E+03  1.9589E-07  1.8329E-07  9.4318E-17  1.6964E-20
  4.5192E-08  8.0246E-18  1.0309E+03  1.9592E-07  1.8537E-07  1.1099E-16  3.3854E-20
  4.6781E-08  8.1683E-18  1.0309E+03  1.9594E-07  1.8713E-07  1.3031E-16  6.7411E-20
  4.8431E-08  8.3155E-18  1.0309E+03  1.9597E-07  1.8847E-07  1.5273E-16  1.2906E-19
  5.0157E-08  8.4678E-18  1.0309E+03  1.9601E-07  1.9074E-07  1.7864E-16  3.5860E-19
  5.1945E-08  8.6228E-18  1.0309E+03  2.4638E-07  1.9603E-07  2.0935E-16  3.5399E-21
  5.3796E-08  8.7806E-18  1.0310E+03  2.3923E-07  1.9606E-07  2.4458E-16  7.0084E-21
  5.5713E-08  8.9414E-18  1.0310E+03  2.1668E-07  1.9609E-07  2.8543E-16  5.0287E-20
  5.7699E-08  9.1051E-18  1.0310E+03  2.0898E-07  1.9613E-07  3.3273E-16  1.8842E-19
  5.9755E-08  9.2718E-18  1.0310E+03  2.0445E-07  1.9616E-07  3.8730E-16  6.4555E-19
  6.1885E-08  9.4415E-18  1.0311E+03  2.0182E-07  1.9619E-07  4.4982E-16  1.9557E-18
  6.4090E-08  9.6143E-18  1.0311E+03  2.0018E-07  1.9622E-07  5.2029E-16  5.5120E-18
  6.6375E-08  9.7903E-18  1.0311E+03  1.9913E-07  1.9625E-07  5.9725E-16  1.4387E-17
  6.8752E-08  9.9713E-18  1.0311E+03  1.9845E-07  1.9626E-07  6.7638E-16  3.4893E-17
  7.1228E-08  1.0158E-17  1.0312E+03  1.9808E-07  1.9626E-07  7.5477E-16  7.2287E-17
  7.3795E-08  1.0348E-17  1.0312E+03  1.9784E-07  1.9626E-07  8.2403E-16  1.3741E-16
  7.6453E-08  1.0541E-17  1.0312E+03  1.9773E-07  1.9625E-07  8.8931E-16  2.2809E-16
  7.9207E-08  1.0738E-17  1.0313E+03  1.9770E-07  1.9624E-07  9.6038E-16  3.3802E-16
  8.2061E-08  1.0939E-17  1.0313E+03  1.9774E-07  1.9623E-07  1.0475E-15  4.6098E-16
  8.5017E-08  1.1144E-17  1.0313E+03  1.9782E-07  1.9624E-07  1.1583E-15  5.9384E-16
  8.8080E-08  1.1352E-17  1.0314E+03  1.9793E-07  1.9625E-07  1.2979E-15  7.3710E-16
  9.1253E-08  1.1564E-17  1.0314E+03  1.9806E-07  1.9627E-07  1.4698E-15  8.9337E-16
  9.4540E-08  1.1781E-17  1.0314E+03  1.9822E-07  1.9630E-07  1.6776E-15  1.0662E-15
  9.7978E-08  1.2005E-17  1.0315E+03  1.9839E-07  1.9634E-07  1.9268E-15  1.2599E-15
  1.0155E-07  1.2236E-17  1.0315E+03  1.9858E-07  1.9639E-07  2.2215E-15  1.4800E-15
  1.0526E-07  1.2470E-17  1.0316E+03  1.9880E-07  1.9643E-07  2.5686E-15  1.7310E-15
  1.0910E-07  1.2710E-17  1.0316E+03  1.9903E-07  1.9649E-07  2.9757E-15  2.0189E-15
  1.1308E-07  1.2954E-17  1.0316E+03  1.9927E-07  1.9655E-07  3.4515E-15  2.3505E-15
  1.1720E-07  1.3202E-17  1.0317E+03  1.9954E-07  1.9662E-07  4.0067E-15  2.7333E-15
  1.2148E-07  1.3455E-17  1.0317E+03  1.9983E-07  1.9669E-07  4.6536E-15  3.1762E-15
  1.2591E-07  1.3714E-17  1.0318E+03  2.0014E-07  1.9676E-07  5.4067E-15  3.6892E-15
  1.3050E-07  1.3977E-17  1.0318E+03  2.0047E-07  1.9685E-07  6.2827E-15  4.2839E-15
  1.3527E-07  1.4246E-17  1.0319E+03  2.0083E-07  1.9694E-07  7.3018E-15  4.9740E-15
  1.4027E-07  1.4527E-17  1.0319E+03  2.0121E-07  1.9703E-07  8.4905E-15  5.7777E-15
  1.4545E-07  1.4813E-17  1.0320E+03  2.0162E-07  1.9714E-07  9.8742E-15  6.7116E-15
  1.5082E-07  1.5105E-17  1.0320E+03  2.0206E-07  1.9725E-07  1.1485E-14  7.7972E-15
  1.5639E-07  1.5403E-17  1.0321E+03  2.0254E-07  1.9737E-07  1.3359E-14  9.0592E-15
  1.6217E-07  1.5707E-17  1.0321E+03  2.0304E-07  1.9750E-07  1.5541E-14  1.0526E-14
  1.6816E-07  1.6016E-17  1.0322E+03  2.0359E-07  1.9763E-07  1.8079E-14  1.2232E-14
  1.7437E-07  1.6332E-17  1.0322E+03  2.0417E-07  1.9778E-07  2.1033E-14  1.4216E-14
  1.8081E-07  1.6654E-17  1.0323E+03  2.0480E-07  1.9794E-07  2.4468E-14  1.6522E-14
  1.8749E-07  1.6982E-17  1.0323E+03  2.0547E-07  1.9811E-07  2.8465E-14  1.9205E-14
  1.9447E-07  1.7323E-17  1.0324E+03  2.0619E-07  1.9829E-07  3.3124E-14  2.2331E-14
  2.0174E-07  1.7674E-17  1.0325E+03  2.0696E-07  1.9849E-07  3.8557E-14  2.5973E-14
  2.0929E-07  1.8032E-17  1.0325E+03  2.0779E-07  1.9870E-07  4.4886E-14  3.0213E-14
  2.1711E-07  1.8398E-17  1.0326E+03  2.0867E-07  1.9893E-07  5.2258E-14  3.5149E-14
  2.2523E-07  1.8770E-17  1.0327E+03  2.0962E-07  1.9917E-07  6.0847E-14  4.0894E-14
  2.3365E-07  1.9150E-17  1.0327E+03  2.1064E-07  1.9943E-07  7.0849E-14  4.7580E-14
  2.4239E-07  1.9538E-17  1.0328E+03  2.1173E-07  1.9971E-07  8.2498E-14  5.5363E-14
  2.5146E-07  1.9934E-17  1.0329E+03  2.1290E-07  2.0001E-07  9.6061E-14  6.4420E-14
  2.6086E-07  2.0338E-17  1.0330E+03  2.1416E-07  2.0034E-07  1.1185E-13  7.4961E-14
  2.7065E-07  2.0752E-17  1.0330E+03  2.1550E-07  2.0068E-07  1.3025E-13  8.7240E-14
  2.8090E-07  2.1181E-17  1.0331E+03  2.1693E-07  2.0105E-07  1.5173E-13  1.0157E-13
  2.9153E-07  2.1620E-17  1.0332E+03  2.1847E-07  2.0145E-07  1.7677E-13  1.1826E-13
  3.0257E-07  2.2067E-17  1.0332E+03  2.2011E-07  2.0188E-07  2.0596E-13  1.3769E-13
  3.1402E-07  2.2523E-17  1.0333E+03  2.2188E-07  2.0234E-07  2.3997E-13  1.6032E-13
  3.2590E-07  2.2989E-17  1.0334E+03  2.2376E-07  2.0283E-07  2.7959E-13  1.8667E-13
  3.3824E-07  2.3464E-17  1.0335E+03  2.2577E-07  2.0336E-07  3.2574E-13  2.1734E-13
  3.5104E-07  2.3949E-17  1.0336E+03  2.2792E-07  2.0392E-07  3.7949E-13  2.5304E-13
  3.6433E-07  2.4445E-17  1.0336E+03  2.3022E-07  2.0453E-07  4.4205E-13  2.9458E-13
  3.7813E-07  2.4950E-17  1.0337E+03  2.3268E-07  2.0518E-07  5.1487E-13  3.4291E-13
  3.9267E-07  2.5457E-17  1.0338E+03  2.3530E-07  2.0588E-07  5.9999E-13  3.9939E-13
  4.0776E-07  2.5975E-17  1.0338E+03  2.3809E-07  2.0662E-07  6.9921E-13  4.6516E-13
  4.2343E-07  2.6504E-17  1.0339E+03  2.4108E-07  2.0741E-07  8.1483E-13  5.4172E-13
  4.3971E-07  2.7043E-17  1.0339E+03  2.4426E-07  2.0827E-07  9.4951E-13  6.3082E-13
  4.5661E-07  2.7593E-17  1.0340E+03  2.4765E-07  2.0918E-07  1.1063E-12  7.3448E-13
  4.7416E-07  2.8154E-17  1.0340E+03  2.5127E-07  2.1015E-07  1.2888E-12  8.5502E-13
  4.9239E-07  2.8727E-17  1.0341E+03  2.5512E-07  2.1119E-07  1.5011E-12  9.9515E-13
  5.1131E-07  2.9312E-17  1.0341E+03  2.5921E-07  2.1230E-07  1.7478E-12  1.1580E-12
  5.3097E-07  2.9908E-17  1.0342E+03  2.6356E-07  2.1349E-07  2.0345E-12  1.3471E-12
  5.5188E-07  3.0469E-17  1.0341E+03  2.6819E-07  2.1475E-07  2.3700E-12  1.5683E-12
  5.7369E-07  3.1033E-17  1.0341E+03  2.7311E-07  2.1610E-07  2.7614E-12  1.8259E-12
  5.9637E-07  3.1607E-17  1.0341E+03  2.7834E-07  2.1753E-07  3.2173E-12  2.1254E-12
  6.1994E-07  3.2192E-17  1.0340E+03  2.8390E-07  2.1905E-07  3.7480E-12  2.4734E-12
  6.4444E-07  3.2788E-17  1.0340E+03  2.8979E-07  2.2068E-07  4.3654E-12  2.8775E-12
  6.6991E-07  3.3395E-17  1.0339E+03  2.9604E-07  2.2241E-07  5.0831E-12  3.3465E-12
  6.9639E-07  3.4013E-17  1.0339E+03  3.0266E-07  2.2425E-07  5.9164E-12  3.8904E-12
  7.2391E-07  3.4642E-17  1.0338E+03  3.0967E-07  2.2620E-07  6.8834E-12  4.5209E-12
  7.5252E-07  3.5284E-17  1.0338E+03  3.1708E-07  2.2827E-07  8.0044E-12  5.2511E-12
  7.8356E-07  3.5909E-17  1.0337E+03  3.2491E-07  2.3046E-07  9.3216E-12  6.1076E-12
  8.1641E-07  3.6535E-17  1.0336E+03  3.3321E-07  2.3277E-07  1.0867E-11  7.1088E-12
  8.5063E-07  3.7171E-17  1.0334E+03  3.4199E-07  2.3521E-07  1.2673E-11  8.2726E-12
  8.8629E-07  3.7818E-17  1.0333E+03  3.5129E-07  2.3781E-07  1.4782E-11  9.6246E-12
  9.2345E-07  3.8477E-17  1.0332E+03  3.6112E-07  2.4056E-07  1.7241E-11  1.1195E-11
  9.6216E-07  3.9147E-17  1.0330E+03  3.7149E-07  2.4348E-07  2.0105E-11  1.3018E-11
  1.0025E-06  3.9828E-17  1.0329E+03  3.8242E-07  2.4658E-07  2.3438E-11  1.5134E-11
  1.0445E-06  4.0522E-17  1.0328E+03  3.9393E-07  2.4984E-07  2.7313E-11  1.7588E-11
  1.0883E-06  4.1227E-17  1.0326E+03  4.0604E-07  2.5329E-07  3.1813E-11  2.0434E-11
  1.1354E-06  4.2010E-17  1.0326E+03  4.1878E-07  2.5691E-07  3.7088E-11  2.3763E-11
  1.1857E-06  4.2867E-17  1.0325E+03  4.3220E-07  2.6070E-07  4.3306E-11  2.7666E-11
  1.2383E-06  4.3741E-17  1.0324E+03  4.4634E-07  2.6469E-07  5.0590E-11  3.2211E-11
  1.2933E-06  4.4633E-17  1.0324E+03  4.6122E-07  2.6890E-07  5.9116E-11  3.7499E-11
  1.3506E-06  4.5543E-17  1.0323E+03  4.7687E-07  2.7336E-07  6.9085E-11  4.3652E-11
  1.4106E-06  4.6471E-17  1.0323E+03  4.9330E-07  2.7805E-07  8.0728E-11  5.0814E-11
  1.4731E-06  4.7418E-17  1.0322E+03  5.1053E-07  2.8298E-07  9.4316E-11  5.9149E-11
  1.5385E-06  4.8385E-17  1.0321E+03  5.2859E-07  2.8817E-07  1.1017E-10  6.8846E-11
  1.6067E-06  4.9372E-17  1.0321E+03  5.4750E-07  2.9360E-07  1.2865E-10  8.0125E-11
  1.6778E-06  5.0439E-17  1.0321E+03  5.6727E-07  2.9929E-07  1.5015E-10  9.3218E-11
  1.7512E-06  5.1700E-17  1.0322E+03  5.8793E-07  3.0524E-07  1.7507E-10  1.0835E-10
  1.8278E-06  5.2993E-17  1.0323E+03  6.0946E-07  3.1145E-07  2.0403E-10  1.2590E-10
  1.9077E-06  5.4317E-17  1.0325E+03  6.3190E-07  3.1791E-07  2.3767E-10  1.4623E-10
  1.9912E-06  5.5675E-17  1.0326E+03  6.5526E-07  3.2463E-07  2.7679E-10  1.6978E-10
  2.0783E-06  5.7067E-17  1.0327E+03  6.7956E-07  3.3160E-07  3.2228E-10  1.9703E-10
  2.1692E-06  5.8494E-17  1.0329E+03  7.0480E-07  3.3882E-07  3.7519E-10  2.2855E-10
  2.2641E-06  5.9956E-17  1.0330E+03  7.3100E-07  3.4631E-07  4.3678E-10  2.6501E-10
  2.3632E-06  6.1455E-17  1.0331E+03  7.5816E-07  3.5405E-07  5.0849E-10  3.0716E-10
  2.4665E-06  6.2991E-17  1.0333E+03  7.8626E-07  3.6205E-07  5.9202E-10  3.5589E-10
  2.5688E-06  6.4721E-17  1.0335E+03  8.1528E-07  3.7034E-07  6.8747E-10  4.1120E-10
  2.6735E-06  6.6546E-17  1.0339E+03  8.4508E-07  3.7892E-07  7.9679E-10  4.7432E-10
  2.7825E-06  6.8423E-17  1.0342E+03  8.7562E-07  3.8766E-07  9.2277E-10  5.4668E-10
  2.8960E-06  7.0352E-17  1.0345E+03  9.0690E-07  3.9653E-07  1.0683E-09  6.2955E-10
  3.0140E-06  7.2335E-17  1.0348E+03  9.3889E-07  4.0552E-07  1.2366E-09  7.2441E-10
  3.1369E-06  7.4373E-17  1.0351E+03  9.7155E-07  4.1463E-07  1.4315E-09  8.3294E-10
  3.2648E-06  7.6469E-17  1.0354E+03  1.0049E-06  4.2386E-07  1.6577E-09  9.5708E-10
  3.3979E-06  7.8623E-17  1.0357E+03  1.0387E-06  4.3319E-07  1.9203E-09  1.0991E-09
  3.5365E-06  8.0837E-17  1.0360E+03  1.0731E-06  4.4261E-07  2.2257E-09  1.2616E-09
  3.6806E-06  8.3114E-17  1.0364E+03  1.1080E-06  4.5210E-07  2.5809E-09  1.4476E-09
  3.8160E-06  8.5531E-17  1.0368E+03  1.1432E-06  4.6176E-07  2.9802E-09  1.6534E-09
  3.9542E-06  8.8029E-17  1.0372E+03  1.1783E-06  4.7149E-07  3.4344E-09  1.8851E-09
  4.0975E-06  9.0598E-17  1.0377E+03  1.2134E-06  4.8108E-07  3.9547E-09  2.1473E-09
  4.2459E-06  9.3242E-17  1.0381E+03  1.2484E-06  4.9051E-07  4.5523E-09  2.4437E-09
  4.3997E-06  9.5962E-17  1.0386E+03  1.2833E-06  4.9977E-07  5.2397E-09  2.7787E-09
  4.5591E-06  9.8761E-17  1.0390E+03  1.3179E-06  5.0887E-07  6.0313E-09  3.1572E-09
  4.7243E-06  1.0164E-16  1.0394E+03  1.3524E-06  5.1781E-07  6.9438E-09  3.5851E-09
  4.8955E-06  1.0460E-16  1.0399E+03  1.3865E-06  5.2661E-07  7.9962E-09  4.0689E-09
  5.0728E-06  1.0765E-16  1.0403E+03  1.4203E-06  5.3524E-07  9.2107E-09  4.6162E-09
  5.2566E-06  1.1079E-16  1.0408E+03  1.4536E-06  5.4372E-07  1.0613E-08  5.2358E-09
  5.4383E-06  1.1395E-16  1.0412E+03  1.4865E-06  5.5205E-07  1.2210E-08  5.9273E-09
  5.6021E-06  1.1706E-16  1.0417E+03  1.5186E-06  5.6036E-07  1.3961E-08  6.6727E-09
  5.7707E-06  1.2024E-16  1.0422E+03  1.5498E-06  5.6843E-07  1.5934E-08  7.5021E-09
  5.9445E-06  1.2351E-16  1.0427E+03  1.5800E-06  5.7617E-07  1.8161E-08  8.4252E-09
  6.1235E-06  1.2687E-16  1.0432E+03  1.6094E-06  5.8356E-07  2.0677E-08  9.4526E-09
  6.3079E-06  1.3031E-16  1.0437E+03  1.6379E-06  5.9061E-07  2.3523E-08  1.0596E-08
  6.4978E-06  1.3385E-16  1.0442E+03  1.6655E-06  5.9739E-07  2.6742E-08  1.1868E-08
  6.6935E-06  1.3749E-16  1.0446E+03  1.6924E-06  6.0388E-07  3.0383E-08  1.3285E-08
  6.8950E-06  1.4122E-16  1.0451E+03  1.7185E-06  6.1016E-07  3.4502E-08  1.4862E-08
  7.1027E-06  1.4505E-16  1.0456E+03  1.7438E-06  6.1620E-07  3.9162E-08  1.6619E-08
  7.3165E-06  1.4898E-16  1.0461E+03  1.7684E-06  6.2204E-07  4.4433E-08  1.8577E-08
  7.5368E-06  1.5302E-16  1.0466E+03  1.7922E-06  6.2767E-07  5.0395E-08  2.0760E-08
  7.7543E-06  1.5704E-16  1.0471E+03  1.8154E-06  6.3312E-07  5.7067E-08  2.3167E-08
  7.9296E-06  1.6053E-16  1.0475E+03  1.8375E-06  6.3852E-07  6.4092E-08  2.5660E-08
  8.1090E-06  1.6411E-16  1.0480E+03  1.8586E-06  6.4371E-07  7.1801E-08  2.8376E-08
  8.2924E-06  1.6776E-16  1.0484E+03  1.8787E-06  6.4863E-07  8.0272E-08  3.1334E-08
  8.4799E-06  1.7148E-16  1.0489E+03  1.8980E-06  6.5326E-07  8.9585E-08  3.4557E-08
  8.6717E-06  1.7530E-16  1.0493E+03  1.9164E-06  6.5762E-07  9.9827E-08  3.8067E-08
  8.8678E-06  1.7919E-16  1.0498E+03  1.9340E-06  6.6176E-07  1.1109E-07  4.1891E-08
  9.0684E-06  1.8317E-16  1.0502E+03  1.9509E-06  6.6568E-07  1.2348E-07  4.6057E-08
  9.2734E-06  1.8723E-16  1.0506E+03  1.9671E-06  6.6941E-07  1.3710E-07  5.0595E-08
  9.4832E-06  1.9139E-16  1.0511E+03  1.9827E-06  6.7297E-07  1.5208E-07  5.5540E-08
  9.6976E-06  1.9563E-16  1.0515E+03  1.9977E-06  6.7637E-07  1.6854E-07  6.0928E-08
  9.9170E-06  1.9997E-16  1.0520E+03  2.0122E-06  6.7960E-07  1.8666E-07  6.6800E-08
  1.0141E-05  2.0440E-16  1.0524E+03  2.0261E-06  6.8269E-07  2.0657E-07  7.3200E-08
  1.0371E-05  2.0893E-16  1.0529E+03  2.0395E-06  6.8566E-07  2.2846E-07  8.0176E-08
  1.0605E-05  2.1356E-16  1.0533E+03  2.0525E-06  6.8853E-07  2.5252E-07  8.7783E-08
  1.0845E-05  2.1828E-16  1.0538E+03  2.0649E-06  6.9130E-07  2.7895E-07  9.6079E-08
  1.1003E-05  2.2157E-16  1.0541E+03  2.0769E-06  6.9401E-07  3.0533E-07  1.0424E-07
  1.1141E-05  2.2452E-16  1.0544E+03  2.0881E-06  6.9667E-07  3.3260E-07  1.1263E-07
  1.1281E-05  2.2751E-16  1.0547E+03  2.0987E-06  6.9921E-07  3.6138E-07  1.2146E-07
  1.1423E-05  2.3054E-16  1.0550E+03  2.1087E-06  7.0161E-07  3.9179E-07  1.3076E-07
  1.1566E-05  2.3361E-16  1.0553E+03  2.1182E-06  7.0385E-07  4.2393E-07  1.4054E-07
  1.1712E-05  2.3672E-16  1.0556E+03  2.1272E-06  7.0596E-07  4.5789E-07  1.5085E-07
  1.1859E-05  2.3987E-16  1.0558E+03  2.1358E-06  7.0794E-07  4.9378E-07  1.6170E-07
  1.2008E-05  2.4306E-16  1.0561E+03  2.1439E-06  7.0981E-07  5.3171E-07  1.7312E-07
  1.2159E-05  2.4629E-16  1.0564E+03  2.1517E-06  7.1158E-07  5.7180E-07  1.8514E-07
  1.2312E-05  2.4957E-16  1.0567E+03  2.1592E-06  7.1325E-07  6.1416E-07  1.9779E-07
  1.2466E-05  2.5288E-16  1.0570E+03  2.1663E-06  7.1484E-07  6.5893E-07  2.1111E-07
  1.2623E-05  2.5624E-16  1.0573E+03  2.1732E-06  7.1636E-07  7.0622E-07  2.2512E-07
  1.2782E-05  2.5965E-16  1.0576E+03  2.1798E-06  7.1781E-07  7.5618E-07  2.3988E-07
  1.2942E-05  2.6310E-16  1.0579E+03  2.1861E-06  7.1919E-07  8.0895E-07  2.5541E-07
  1.3105E-05  2.6659E-16  1.0582E+03  2.1922E-06  7.2052E-07  8.6470E-07  2.7175E-07
  1.3270E-05  2.7013E-16  1.0585E+03  2.1981E-06  7.2179E-07  9.2357E-07  2.8895E-07
  1.3437E-05  2.7371E-16  1.0588E+03  2.2038E-06  7.2302E-07  9.8573E-07  3.0705E-07
  1.3605E-05  2.7734E-16  1.0590E+03  2.2093E-06  7.2419E-07  1.0514E-06  3.2611E-07
  1.3776E-05  2.8102E-16  1.0593E+03  2.2146E-06  7.2533E-07  1.1207E-06  3.4616E-07
  1.3950E-05  2.8475E-16  1.0596E+03  2.2197E-06  7.2643E-07  1.1939E-06  3.6727E-07
  1.4125E-05  2.8852E-16  1.0599E+03  2.2246E-06  7.2749E-07  1.2711E-06  3.8949E-07
  1.4302E-05  2.9235E-16  1.0602E+03  2.2294E-06  7.2851E-07  1.3526E-06  4.1287E-07
  1.4482E-05  2.9622E-16  1.0605E+03  2.2341E-06  7.2951E-07  1.4387E-06  4.3748E-07
  1.4664E-05  3.0014E-16  1.0608E+03  2.2386E-06  7.3047E-07  1.5295E-06  4.6339E-07
  1.4849E-05  3.0411E-16  1.0611E+03  2.2430E-06  7.3140E-07  1.6253E-06  4.9065E-07
  1.5035E-05  3.0814E-16  1.0614E+03  2.2472E-06  7.3230E-07  1.7264E-06  5.1935E-07
  1.5249E-05  3.1288E-16  1.0617E+03  2.2513E-06  7.3318E-07  1.8361E-06  5.5045E-07
  1.5529E-05  3.1936E-16  1.0622E+03  2.2554E-06  7.3402E-07  1.9612E-06  5.8593E-07
  1.5813E-05  3.2598E-16  1.0627E+03  2.2594E-06  7.3483E-07  2.0958E-06  6.2400E-07
  1.6104E-05  3.3273E-16  1.0632E+03  2.2633E-06  7.3562E-07  2.2407E-06  6.6485E-07
  1.6399E-05  3.3962E-16  1.0637E+03  2.2672E-06  7.3640E-07  2.3967E-06  7.0869E-07
  1.6700E-05  3.4664E-16  1.0641E+03  2.2710E-06  7.3717E-07  2.5646E-06  7.5575E-07
  1.7006E-05  3.5381E-16  1.0646E+03  2.2747E-06  7.3793E-07  2.7454E-06  8.0627E-07
  1.7318E-05  3.6112E-16  1.0651E+03  2.2784E-06  7.3869E-07  2.9400E-06  8.6051E-07
  1.7636E-05  3.6858E-16  1.0656E+03  2.2820E-06  7.3943E-07  3.1495E-06  9.1877E-07
  1.7959E-05  3.7619E-16  1.0661E+03  2.2856E-06  7.4017E-07  3.3750E-06  9.8134E-07
  1.8289E-05  3.8395E-16  1.0665E+03  2.2891E-06  7.4091E-07  3.6179E-06  1.0486E-06
  1.8624E-05  3.9187E-16  1.0670E+03  2.2925E-06  7.4163E-07  3.8795E-06  1.1208E-06
  1.8966E-05  3.9995E-16  1.0675E+03  2.2958E-06  7.4234E-07  4.1611E-06  1.1984E-06
  1.9314E-05  4.0819E-16  1.0680E+03  2.2991E-06  7.4305E-07  4.4645E-06  1.2818E-06
  1.9668E-05  4.1660E-16  1.0685E+03  2.3023E-06  7.4374E-07  4.7912E-06  1.3715E-06
  2.0029E-05  4.2518E-16  1.0690E+03  2.3054E-06  7.4442E-07  5.1431E-06  1.4680E-06
  2.0396E-05  4.3393E-16  1.0694E+03  2.3085E-06  7.4509E-07  5.5222E-06  1.5716E-06
  2.0770E-05  4.4285E-16  1.0699E+03  2.3115E-06  7.4574E-07  5.9306E-06  1.6831E-06
  2.1676E-05  4.6601E-16  1.0712E+03  2.3145E-06  7.4637E-07  6.5358E-06  1.8496E-06
  2.2851E-05  4.9660E-16  1.0728E+03  2.3177E-06  7.4694E-07  7.3212E-06  2.0652E-06
  2.4091E-05  5.2913E-16  1.0744E+03  2.3210E-06  7.4750E-07  8.2568E-06  2.3206E-06
  2.5397E-05  5.6374E-16  1.0760E+03  2.3246E-06  7.4810E-07  9.3768E-06  2.6249E-06
  2.6775E-05  6.0054E-16  1.0776E+03  2.3284E-06  7.4876E-07  1.0723E-05  2.9892E-06
  2.8227E-05  6.3969E-16  1.0792E+03  2.3323E-06  7.4951E-07  1.2349E-05  3.4273E-06
  2.9835E-05  6.8582E-16  1.0810E+03  2.3362E-06  7.5033E-07  1.4361E-05  3.9677E-06
  3.1550E-05  7.3601E-16  1.0829E+03  2.3403E-06  7.5123E-07  1.6836E-05  4.6303E-06
  3.3364E-05  7.8977E-16  1.0847E+03  2.3444E-06  7.5217E-07  1.9882E-05  5.4440E-06
  3.5281E-05  8.4733E-16  1.0866E+03  2.3484E-06  7.5315E-07  2.3646E-05  6.4469E-06
  3.7309E-05  9.0896E-16  1.0885E+03  2.3523E-06  7.5415E-07  2.8308E-05  7.6870E-06
  3.9423E-05  9.7628E-16  1.0904E+03  2.3562E-06  7.5513E-07  3.4069E-05  9.2168E-06
  4.1619E-05  1.0501E-15  1.0925E+03  2.3599E-06  7.5609E-07  4.1169E-05  1.1100E-05
  4.3937E-05  1.1294E-15  1.0945E+03  2.3634E-06  7.5701E-07  4.9970E-05  1.3432E-05
  4.6385E-05  1.2144E-15  1.0965E+03  2.3667E-06  7.5787E-07  6.0896E-05  1.6324E-05
  4.8969E-05  1.3056E-15  1.0986E+03  2.3699E-06  7.5869E-07  7.4475E-05  1.9914E-05
  5.1693E-05  1.4035E-15  1.1006E+03  2.3729E-06  7.5945E-07  9.1361E-05  2.4375E-05
  5.4416E-05  1.5098E-15  1.1027E+03  2.3758E-06  7.6017E-07  1.1199E-04  2.9818E-05
  5.7282E-05  1.6239E-15  1.1049E+03  2.3785E-06  7.6084E-07  1.3742E-04  3.6526E-05
  6.0299E-05  1.7464E-15  1.1070E+03  2.3811E-06  7.6147E-07  1.6881E-04  4.4796E-05
  6.3475E-05  1.8777E-15  1.1092E+03  2.3835E-06  7.6206E-07  2.0754E-04  5.4993E-05
  6.6819E-05  2.0186E-15  1.1113E+03  2.3858E-06  7.6263E-07  2.5534E-04  6.7569E-05
  7.0294E-05  2.1714E-15  1.1135E+03  2.3880E-06  7.6316E-07  3.1412E-04  8.3025E-05
  7.3886E-05  2.3383E-15  1.1158E+03  2.3901E-06  7.6369E-07  3.8604E-04  1.0193E-04
  7.7661E-05  2.5174E-15  1.1181E+03  2.3921E-06  7.6420E-07  4.7431E-04  1.2512E-04
  8.1628E-05  2.7098E-15  1.1203E+03  2.3940E-06  7.6470E-07  5.8265E-04  1.5358E-04
  8.5799E-05  2.9163E-15  1.1226E+03  2.3958E-06  7.6520E-07  7.1557E-04  1.8849E-04
  9.0182E-05  3.1380E-15  1.1249E+03  2.3976E-06  7.6569E-07  8.7860E-04  2.3133E-04
  9.4537E-05  3.3706E-15  1.1271E+03  2.3993E-06  7.6621E-07  1.0751E-03  2.8297E-04
  9.9021E-05  3.6182E-15  1.1294E+03  2.4010E-06  7.6673E-07  1.3122E-03  3.4533E-04
  1.0372E-04  3.8831E-15  1.1317E+03  2.4026E-06  7.6728E-07  1.5990E-03  4.2083E-04
  1.0863E-04  4.1668E-15  1.1339E+03  2.4043E-06  7.6785E-07  1.9457E-03  5.1221E-04
  1.1379E-04  4.4704E-15  1.1362E+03  2.4059E-06  7.6846E-07  2.3644E-03  6.2275E-04
  1.1918E-04  4.7952E-15  1.1384E+03  2.4076E-06  7.6912E-07  2.8698E-03  7.5643E-04
  1.2460E-04  5.1373E-15  1.1407E+03  2.4093E-06  7.6983E-07  3.4713E-03  9.1593E-04
  1.3020E-04  5.5015E-15  1.1429E+03  2.4111E-06  7.7061E-07  4.1885E-03  1.1066E-03
  1.3606E-04  5.8904E-15  1.1452E+03  2.4130E-06  7.7148E-07  5.0441E-03  1.3349E-03
  1.4217E-04  6.3058E-15  1.1474E+03  2.4151E-06  7.7243E-07  6.0635E-03  1.6081E-03
  1.4857E-04  6.7494E-15  1.1497E+03  2.4172E-06  7.7350E-07  7.2763E-03  1.9345E-03
  1.5525E-04  7.2228E-15  1.1519E+03  2.4196E-06  7.7469E-07  8.7169E-03  2.3244E-03
  1.6268E-04  7.7711E-15  1.1544E+03  2.4221E-06  7.7604E-07  1.0457E-02  2.7983E-03
  1.7071E-04  8.3832E-15  1.1570E+03  2.4250E-06  7.7761E-07  1.2558E-02  3.3748E-03
  1.7914E-04  9.0415E-15  1.1595E+03  2.4283E-06  7.7942E-07  1.5074E-02  4.0715E-03
  1.8798E-04  9.7494E-15  1.1621E+03  2.4320E-06  7.8151E-07  1.8079E-02  4.9124E-03
  1.9726E-04  1.0510E-14  1.1646E+03  2.4361E-06  7.8392E-07  2.1656E-02  5.9262E-03
  2.0738E-04  1.1364E-14  1.1673E+03  2.4409E-06  7.8673E-07  2.5945E-02  7.1593E-03
  2.2068E-04  1.2544E-14  1.1707E+03  2.4466E-06  7.9013E-07  3.1494E-02  8.7789E-03
  2.3482E-04  1.3842E-14  1.1742E+03  2.4534E-06  7.9431E-07  3.8307E-02  1.0812E-02
  2.4988E-04  1.5268E-14  1.1776E+03  2.4616E-06  7.9941E-07  4.6613E-02  1.3361E-02
  2.6590E-04  1.6834E-14  1.1810E+03  2.4715E-06  8.0565E-07  5.6646E-02  1.6547E-02
  2.8810E-04  1.9148E-14  1.1856E+03  2.4840E-06  8.1365E-07  7.0034E-02  2.0953E-02
  3.1274E-04  2.1837E-14  1.1903E+03  2.5001E-06  8.2430E-07  8.6770E-02  2.6792E-02
  3.3948E-04  2.4887E-14  1.1950E+03  2.5209E-06  8.3831E-07  1.0698E-01  3.4425E-02
  3.7378E-04  2.9109E-14  1.2008E+03  2.5487E-06  8.5760E-07  1.3237E-01  4.5012E-02
  4.1345E-04  3.4310E-14  1.2069E+03  2.5870E-06  8.8556E-07  1.6157E-01  5.9356E-02
  4.5896E-04  4.0708E-14  1.2133E+03  2.6400E-06  9.2581E-07  1.9147E-01  7.8279E-02
  5.1571E-04  4.9508E-14  1.2208E+03  2.7163E-06  9.8919E-07  2.1674E-01  1.0338E-01
  5.8003E-04  6.0265E-14  1.2284E+03  2.8260E-06  1.0871E-06  2.2554E-01  1.3361E-01
  6.5956E-04  7.5327E-14  1.2373E+03  2.9856E-06  1.2485E-06  2.1054E-01  1.6789E-01
  7.5043E-04  9.4263E-14  1.2464E+03  3.2097E-06  1.4942E-06  2.0111E-01  1.7423E-01
  8.5611E-04  1.1948E-13  1.2562E+03  3.5120E-06  1.8537E-06  2.2889E-01  1.3268E-01
  9.7282E-04  1.5072E-13  1.2660E+03  3.8974E-06  2.3309E-06  2.4830E-01  9.8193E-02
  1.0985E-03  1.8897E-13  1.2758E+03  4.3610E-06  2.9244E-06  2.5875E-01  7.5256E-02
  1.2325E-03  2.3496E-13  1.2855E+03  4.8996E-06  3.6151E-06  2.6231E-01  6.1510E-02
  1.3749E-03  2.8992E-13  1.2949E+03  5.5016E-06  4.3713E-06  2.6162E-01  5.3938E-02
  1.5219E-03  3.5353E-13  1.3041E+03  6.1638E-06  5.1565E-06  2.5944E-01  4.8006E-02
  1.6740E-03  4.2696E-13  1.3129E+03  6.8707E-06  5.9429E-06  2.5849E-01  4.1560E-02
  1.8296E-03  5.0993E-13  1.3213E+03  7.6288E-06  6.7562E-06  2.5741E-01  3.5273E-02
  1.9813E-03  5.9992E-13  1.3292E+03  8.4173E-06  7.5408E-06  2.5803E-01  2.6942E-02
  2.1456E-03  7.0484E-13  1.3370E+03  9.2441E-06  8.3346E-06  2.5920E-01  1.9805E-02
  2.2897E-03  8.0919E-13  1.3439E+03  1.0098E-05  9.0738E-06  2.5822E-01  1.2663E-02
  2.4427E-03  9.2756E-13  1.3508E+03  1.0972E-05  9.8733E-06  2.5543E-01  9.0463E-03
  2.6012E-03  1.0595E-12  1.3576E+03  1.1873E-05  1.0660E-05  2.5267E-01  6.2454E-03
  2.7394E-03  1.1899E-12  1.3636E+03  1.2782E-05  1.1410E-05  2.4785E-01  4.1674E-03
  2.8848E-03  1.3353E-12  1.3697E+03  1.3697E-05  1.2142E-05  2.4365E-01  2.8265E-03
  3.0380E-03  1.4973E-12  1.3758E+03  1.4622E-05  1.2851E-05  2.3999E-01  1.9338E-03
  3.1680E-03  1.6565E-12  1.3813E+03  1.5551E-05  1.3529E-05  2.3475E-01  1.3237E-03
  3.3001E-03  1.8291E-12  1.3868E+03  1.6471E-05  1.4198E-05  2.3009E-01  9.4889E-04
  3.4378E-03  2.0184E-12  1.3922E+03  1.7387E-05  1.4857E-05  2.2614E-01  7.0302E-04
  3.5727E-03  2.2203E-12  1.3976E+03  1.8301E-05  1.5492E-05  2.2226E-01  5.2633E-04
  3.6917E-03  2.4255E-12  1.4027E+03  1.9202E-05  1.6115E-05  2.1782E-01  4.0699E-04
  3.8146E-03  2.6484E-12  1.4078E+03  2.0087E-05  1.6746E-05  2.1402E-01  3.2732E-04
  3.9416E-03  2.8903E-12  1.4129E+03  2.0959E-05  1.7376E-05  2.1075E-01  2.7071E-04
  4.0620E-03  3.1424E-12  1.4179E+03  2.1819E-05  1.7945E-05  2.0741E-01  2.1762E-04
  4.1707E-03  3.3993E-12  1.4226E+03  2.2657E-05  1.8550E-05  2.0383E-01  1.8300E-04
  4.2823E-03  3.6756E-12  1.4274E+03  2.3472E-05  1.9170E-05  2.0072E-01  1.5842E-04
  4.3969E-03  3.9728E-12  1.4322E+03  2.4267E-05  1.9781E-05  1.9800E-01  1.3935E-04
  4.5076E-03  4.2775E-12  1.4367E+03  2.5042E-05  2.0336E-05  1.9533E-01  1.1993E-04
  4.6089E-03  4.5773E-12  1.4409E+03  2.5796E-05  2.0727E-05  1.9254E-01  9.9792E-05
  4.7124E-03  4.8966E-12  1.4452E+03  2.6525E-05  2.1230E-05  1.9006E-01  8.8904E-05
  4.8183E-03  5.2365E-12  1.4494E+03  2.7231E-05  2.1781E-05  1.8786E-01  8.1529E-05
  4.9245E-03  5.5914E-12  1.4536E+03  2.7914E-05  2.2298E-05  1.8584E-01  7.4988E-05
  5.0219E-03  5.9302E-12  1.4573E+03  2.8574E-05  2.2675E-05  1.8368E-01  6.6843E-05
  5.1213E-03  6.2880E-12  1.4610E+03  2.9210E-05  2.2864E-05  1.8175E-01  5.7649E-05
  5.2226E-03  6.6659E-12  1.4648E+03  2.9821E-05  2.3237E-05  1.8002E-01  5.2665E-05
  5.3259E-03  7.0648E-12  1.4685E+03  3.0406E-05  2.3270E-05  1.7847E-01  4.5137E-05
  5.4230E-03  7.4439E-12  1.4719E+03  3.0965E-05  2.2941E-05  1.7684E-01  3.5545E-05
  5.5196E-03  7.8298E-12  1.4751E+03  3.1499E-05  2.2716E-05  1.7531E-01  3.0300E-05
  5.6179E-03  8.2343E-12  1.4784E+03  3.2006E-05  2.2346E-05  1.7393E-01  2.5758E-05
  5.7179E-03  8.6582E-12  1.4816E+03  3.2485E-05  2.1784E-05  1.7267E-01  2.1815E-05
  5.8178E-03  9.0850E-12  1.4847E+03  3.2933E-05  2.0558E-05  1.7148E-01  1.7206E-05
  5.9140E-03  9.4836E-12  1.4875E+03  3.3354E-05  1.8740E-05  1.7027E-01  1.4101E-05
  6.0119E-03  9.8986E-12  1.4903E+03  3.3750E-05  1.6737E-05  1.6915E-01  1.2164E-05
  6.1114E-03  1.0330E-11  1.4930E+03  3.4116E-05  1.0493E-05  1.6812E-01  1.2124E-05
  6.2125E-03  1.0780E-11  1.4958E+03  3.4452E-05  8.8014E-06  1.6715E-01  1.2787E-05
  6.3180E-03  1.1228E-11  1.4984E+03  3.4756E-05  6.0494E-06  1.6633E-01  1.6260E-05
  6.4269E-03  1.1680E-11  1.5009E+03  3.5008E-05  3.5008E-05  1.6572E-01  0.0000E+00
  6.5378E-03  1.2149E-11  1.5033E+03  3.5257E-05  3.5257E-05  1.6501E-01  0.0000E+00
  6.6505E-03  1.2636E-11  1.5058E+03  3.5476E-05  3.5476E-05  1.6433E-01  0.0000E+00
  6.7652E-03  1.3141E-11  1.5083E+03  3.5662E-05  3.5662E-05  1.6366E-01  0.0000E+00
  6.8936E-03  1.3673E-11  1.5108E+03  3.5816E-05  3.5816E-05  1.6328E-01  0.0000E+00
  7.0260E-03  1.4228E-11  1.5133E+03  3.5941E-05  3.5941E-05  1.6291E-01  0.0000E+00
  7.1610E-03  1.4803E-11  1.5158E+03  3.6035E-05  3.6035E-05  1.6251E-01  0.0000E+00
  7.2986E-03  1.5400E-11  1.5182E+03  3.6100E-05  3.6100E-05  1.6209E-01  0.0000E+00
  7.4410E-03  1.6027E-11  1.5207E+03  3.6138E-05  3.6138E-05  1.6169E-01  0.0000E+00
  7.6077E-03  1.6752E-11  1.5235E+03  3.6148E-05  3.6148E-05  1.6170E-01  0.0000E+00
  7.7782E-03  1.7509E-11  1.5262E+03  3.6134E-05  3.6134E-05  1.6166E-01  0.0000E+00
  7.9525E-03  1.8297E-11  1.5290E+03  3.6107E-05  3.6107E-05  1.6160E-01  0.0000E+00
  8.1307E-03  1.9119E-11  1.5317E+03  3.6081E-05  3.6081E-05  1.6156E-01  0.0000E+00
  8.3251E-03  2.0005E-11  1.5345E+03  3.6075E-05  3.6075E-05  1.6182E-01  0.0000E+00
  8.3821E-03  2.0251E-11  1.5353E+03  3.6079E-05  3.6079E-05  1.6205E-01  0.0000E+00
  8.4396E-03  2.0499E-11  1.5360E+03  3.6085E-05  3.6085E-05  1.6228E-01  0.0000E+00
  8.4974E-03  2.0751E-11  1.5368E+03  3.6095E-05  3.6095E-05  1.6252E-01  0.0000E+00
  8.5556E-03  2.1005E-11  1.5375E+03  3.6108E-05  3.6108E-05  1.6278E-01  0.0000E+00
  8.6142E-03  2.1263E-11  1.5383E+03  3.6125E-05  3.6125E-05  1.6304E-01  0.0000E+00
  8.6733E-03  2.1523E-11  1.5390E+03  3.6147E-05  3.6147E-05  1.6331E-01  0.0000E+00
  8.7327E-03  2.1787E-11  1.5397E+03  3.6172E-05  3.6172E-05  1.6359E-01  0.0000E+00
  8.7925E-03  2.2053E-11  1.5405E+03  3.6202E-05  3.6202E-05  1.6389E-01  0.0000E+00
  8.8528E-03  2.2323E-11  1.5412E+03  3.6237E-05  3.6237E-05  1.6420E-01  0.0000E+00
  8.9134E-03  2.2595E-11  1.5420E+03  3.6276E-05  3.6276E-05  1.6452E-01  0.0000E+00
  8.9745E-03  2.2871E-11  1.5427E+03  3.6320E-05  3.6320E-05  1.6486E-01  0.0000E+00
  9.0360E-03  2.3150E-11  1.5434E+03  3.6369E-05  3.6369E-05  1.6522E-01  0.0000E+00
  9.0979E-03  2.3432E-11  1.5442E+03  3.6423E-05  3.6423E-05  1.6558E-01  0.0000E+00
  9.1602E-03  2.3718E-11  1.5449E+03  3.6481E-05  3.6481E-05  1.6597E-01  0.0000E+00
  9.2230E-03  2.4007E-11  1.5457E+03  3.6543E-05  3.6543E-05  1.6637E-01  0.0000E+00
  9.2862E-03  2.4299E-11  1.5464E+03  3.6610E-05  3.6610E-05  1.6678E-01  0.0000E+00
  9.3498E-03  2.4594E-11  1.5471E+03  3.6681E-05  3.6681E-05  1.6720E-01  0.0000E+00
  9.4139E-03  2.4893E-11  1.5479E+03  3.6755E-05  3.6755E-05  1.6764E-01  0.0000E+00
  9.4978E-03  2.5252E-11  1.5487E+03  3.6833E-05  3.6833E-05  1.6843E-01  0.0000E+00
  9.5861E-03  2.5627E-11  1.5496E+03  3.6915E-05  3.6915E-05  1.6930E-01  0.0000E+00
  9.6051E-03  2.5708E-11  1.5498E+03  3.6933E-05  3.6933E-05  1.6948E-01  0.0000E+00
  9.6431E-03  2.5870E-11  1.5501E+03  3.6969E-05  3.6969E-05  1.6985E-01  0.0000E+00
  9.7196E-03  2.6197E-11  1.5509E+03  3.7043E-05  3.7043E-05  1.7060E-01  0.0000E+00
  9.8100E-03  2.6585E-11  1.5518E+03  3.7133E-05  3.7133E-05  1.7149E-01  0.0000E+00
  9.9012E-03  2.6979E-11  1.5526E+03  3.7226E-05  3.7226E-05  1.7239E-01  0.0000E+00
  9.9932E-03  2.7378E-11  1.5535E+03  3.7322E-05  3.7322E-05  1.7330E-01  0.0000E+00
  1.0086E-02  2.7782E-11  1.5543E+03  3.7422E-05  3.7422E-05  1.7421E-01  0.0000E+00
  1.0180E-02  2.8193E-11  1.5552E+03  3.7524E-05  3.7524E-05  1.7514E-01  0.0000E+00
  1.0274E-02  2.8609E-11  1.5561E+03  3.7629E-05  3.7629E-05  1.7608E-01  0.0000E+00
  1.0370E-02  2.9031E-11  1.5569E+03  3.7736E-05  3.7736E-05  1.7702E-01  0.0000E+00
  1.0466E-02  2.9459E-11  1.5578E+03  3.7847E-05  3.7847E-05  1.7798E-01  0.0000E+00
  1.0564E-02  2.9893E-11  1.5587E+03  3.7959E-05  3.7959E-05  1.7894E-01  0.0000E+00
  1.0662E-02  3.0332E-11  1.5595E+03  3.8074E-05  3.8074E-05  1.7992E-01  0.0000E+00
  1.0761E-02  3.0779E-11  1.5604E+03  3.8192E-05  3.8192E-05  1.8090E-01  0.0000E+00
  1.0861E-02  3.1231E-11  1.5613E+03  3.8311E-05  3.8311E-05  1.8189E-01  0.0000E+00
  1.0962E-02  3.1690E-11  1.5621E+03  3.8432E-05  3.8432E-05  1.8289E-01  0.0000E+00
  1.1064E-02  3.2155E-11  1.5630E+03  3.8556E-05  3.8556E-05  1.8390E-01  0.0000E+00
  1.1167E-02  3.2626E-11  1.5639E+03  3.8682E-05  3.8682E-05  1.8492E-01  0.0000E+00
  1.1271E-02  3.3104E-11  1.5647E+03  3.8809E-05  3.8809E-05  1.8595E-01  0.0000E+00
  1.1405E-02  3.3845E-11  1.5661E+03  3.8932E-05  3.8932E-05  1.8743E-01  0.0000E+00
  1.1541E-02  3.4603E-11  1.5676E+03  3.9048E-05  3.9048E-05  1.8893E-01  0.0000E+00
  1.1679E-02  3.5378E-11  1.5690E+03  3.9161E-05  3.9161E-05  1.9044E-01  0.0000E+00
  1.1819E-02  3.6168E-11  1.5704E+03  3.9271E-05  3.9271E-05  1.9199E-01  0.0000E+00
  1.1960E-02  3.6975E-11  1.5718E+03  3.9382E-05  3.9382E-05  1.9357E-01  0.0000E+00
  1.2103E-02  3.7799E-11  1.5732E+03  3.9492E-05  3.9492E-05  1.9518E-01  0.0000E+00
  1.2248E-02  3.8640E-11  1.5747E+03  3.9602E-05  3.9602E-05  1.9683E-01  0.0000E+00
  1.2394E-02  3.9499E-11  1.5761E+03  3.9713E-05  3.9713E-05  1.9853E-01  0.0000E+00
  1.2542E-02  4.0376E-11  1.5775E+03  3.9824E-05  3.9824E-05  2.0027E-01  0.0000E+00
  1.2692E-02  4.1271E-11  1.5789E+03  3.9935E-05  3.9935E-05  2.0206E-01  0.0000E+00
  1.2844E-02  4.2185E-11  1.5803E+03  4.0047E-05  4.0047E-05  2.0389E-01  0.0000E+00
  1.2998E-02  4.3118E-11  1.5817E+03  4.0158E-05  4.0158E-05  2.0578E-01  0.0000E+00
  1.3153E-02  4.4071E-11  1.5832E+03  4.0268E-05  4.0268E-05  2.0772E-01  0.0000E+00
  1.3310E-02  4.5043E-11  1.5846E+03  4.0378E-05  4.0378E-05  2.0971E-01  0.0000E+00
  1.3469E-02  4.6035E-11  1.5860E+03  4.0488E-05  4.0488E-05  2.1176E-01  0.0000E+00
  1.3630E-02  4.7048E-11  1.5874E+03  4.0596E-05  4.0596E-05  2.1387E-01  0.0000E+00
  1.3793E-02  4.8083E-11  1.5888E+03  4.0704E-05  4.0704E-05  2.1604E-01  0.0000E+00
  1.3958E-02  4.9138E-11  1.5903E+03  4.0810E-05  4.0810E-05  2.1828E-01  0.0000E+00
  1.4125E-02  5.0216E-11  1.5917E+03  4.0915E-05  4.0915E-05  2.2058E-01  0.0000E+00
  1.4301E-02  5.1527E-11  1.5934E+03  4.1014E-05  4.1014E-05  2.2303E-01  0.0000E+00
  1.4362E-02  5.2027E-11  1.5941E+03  4.1044E-05  4.1044E-05  2.2390E-01  0.0000E+00
  1.4486E-02  5.3042E-11  1.5955E+03  4.1099E-05  4.1099E-05  2.2569E-01  0.0000E+00
  1.4672E-02  5.4574E-11  1.5975E+03  4.1172E-05  4.1172E-05  2.2845E-01  0.0000E+00
  1.4859E-02  5.6147E-11  1.5995E+03  4.1238E-05  4.1238E-05  2.3136E-01  0.0000E+00
  1.5049E-02  5.7762E-11  1.6015E+03  4.1294E-05  4.1294E-05  2.3445E-01  0.0000E+00
  1.5241E-02  5.9421E-11  1.6035E+03  4.1342E-05  4.1342E-05  2.3771E-01  0.0000E+00
  1.5436E-02  6.1125E-11  1.6055E+03  4.1381E-05  4.1381E-05  2.4116E-01  0.0000E+00
  1.5615E-02  6.2711E-11  1.6073E+03  4.1408E-05  4.1408E-05  2.4447E-01  0.0000E+00
  1.5815E-02  6.4503E-11  1.6093E+03  4.1429E-05  4.1429E-05  2.4832E-01  0.0000E+00
  1.6016E-02  6.6339E-11  1.6113E+03  4.1441E-05  4.1441E-05  2.5238E-01  0.0000E+00
  1.6221E-02  6.8227E-11  1.6134E+03  4.1444E-05  4.1444E-05  2.5668E-01  0.0000E+00
  1.6357E-02  6.9492E-11  1.6147E+03  4.1442E-05  4.1442E-05  2.5964E-01  0.0000E+00
  1.6566E-02  7.1464E-11  1.6167E+03  4.1431E-05  4.1431E-05  2.6435E-01  0.0000E+00
  1.6777E-02  7.3488E-11  1.6187E+03  4.1414E-05  4.1414E-05  2.6932E-01  0.0000E+00
  1.6992E-02  7.5565E-11  1.6207E+03  4.1391E-05  4.1391E-05  2.7456E-01  0.0000E+00
  1.7209E-02  7.7698E-11  1.6227E+03  4.1364E-05  4.1364E-05  2.8007E-01  0.0000E+00
  1.7429E-02  7.9886E-11  1.6247E+03  4.1334E-05  4.1334E-05  2.8584E-01  0.0000E+00
  1.7652E-02  8.2132E-11  1.6267E+03  4.1304E-05  4.1304E-05  2.9186E-01  0.0000E+00
  1.7877E-02  8.4436E-11  1.6287E+03  4.1276E-05  4.1276E-05  2.9813E-01  0.0000E+00
  1.8106E-02  8.6802E-11  1.6307E+03  4.1254E-05  4.1254E-05  3.0462E-01  0.0000E+00
  1.8323E-02  8.9503E-11  1.6331E+03  4.1232E-05  4.1232E-05  3.1108E-01  0.0000E+00
  1.8536E-02  9.2385E-11  1.6355E+03  4.1206E-05  4.1206E-05  3.1776E-01  0.0000E+00
  1.8752E-02  9.5360E-11  1.6380E+03  4.1182E-05  4.1182E-05  3.2476E-01  0.0000E+00
  1.8971E-02  9.8423E-11  1.6404E+03  4.1163E-05  4.1163E-05  3.3202E-01  0.0000E+00
  1.9193E-02  1.0158E-10  1.6429E+03  4.1154E-05  4.1154E-05  3.3948E-01  0.0000E+00
  1.9327E-02  1.0352E-10  1.6444E+03  4.1155E-05  4.1155E-05  3.4403E-01  0.0000E+00
  1.9553E-02  1.0683E-10  1.6468E+03  4.1171E-05  4.1171E-05  3.5165E-01  0.0000E+00
  1.9781E-02  1.1023E-10  1.6493E+03  4.1207E-05  4.1207E-05  3.5925E-01  0.0000E+00
  2.0012E-02  1.1373E-10  1.6518E+03  4.1267E-05  4.1267E-05  3.6675E-01  0.0000E+00
  2.0246E-02  1.1734E-10  1.6542E+03  4.1353E-05  4.1353E-05  3.7405E-01  0.0000E+00
  2.0482E-02  1.2105E-10  1.6567E+03  4.1466E-05  4.1466E-05  3.8109E-01  0.0000E+00
  2.0721E-02  1.2487E-10  1.6591E+03  4.1607E-05  4.1607E-05  3.8782E-01  0.0000E+00
  2.0963E-02  1.2880E-10  1.6616E+03  4.1776E-05  4.1776E-05  3.9419E-01  0.0000E+00
  2.1208E-02  1.3284E-10  1.6641E+03  4.1971E-05  4.1971E-05  4.0019E-01  0.0000E+00
  2.1456E-02  1.3700E-10  1.6665E+03  4.2191E-05  4.2191E-05  4.0582E-01  0.0000E+00
  2.1706E-02  1.4129E-10  1.6690E+03  4.2434E-05  4.2434E-05  4.1109E-01  0.0000E+00
  2.1960E-02  1.4569E-10  1.6715E+03  4.2698E-05  4.2698E-05  4.1603E-01  0.0000E+00
  2.2216E-02  1.5023E-10  1.6739E+03  4.2980E-05  4.2980E-05  4.2067E-01  0.0000E+00
  2.2475E-02  1.5489E-10  1.6764E+03  4.3280E-05  4.3280E-05  4.2503E-01  0.0000E+00
  2.2738E-02  1.5969E-10  1.6788E+03  4.3595E-05  4.3595E-05  4.2915E-01  0.0000E+00
  2.2990E-02  1.6416E-10  1.6810E+03  4.3927E-05  4.3927E-05  4.3277E-01  0.0000E+00
  2.3238E-02  1.6855E-10  1.6831E+03  4.4280E-05  4.4280E-05  4.3586E-01  0.0000E+00
  2.3490E-02  1.7305E-10  1.6852E+03  4.4649E-05  4.4649E-05  4.3864E-01  0.0000E+00
  2.3744E-02  1.7767E-10  1.6874E+03  4.5029E-05  4.5029E-05  4.4120E-01  0.0000E+00
  2.4000E-02  1.8239E-10  1.6895E+03  4.5420E-05  4.5420E-05  4.4359E-01  0.0000E+00
  2.4260E-02  1.8723E-10  1.6916E+03  4.5820E-05  4.5820E-05  4.4585E-01  0.0000E+00
  2.4522E-02  1.9219E-10  1.6937E+03  4.6227E-05  4.6227E-05  4.4802E-01  0.0000E+00
  2.4787E-02  1.9728E-10  1.6958E+03  4.6642E-05  4.6642E-05  4.5009E-01  0.0000E+00
  2.5056E-02  2.0249E-10  1.6979E+03  4.7063E-05  4.7063E-05  4.5209E-01  0.0000E+00
  2.5327E-02  2.0782E-10  1.7000E+03  4.7492E-05  4.7492E-05  4.5402E-01  0.0000E+00
  2.5600E-02  2.1329E-10  1.7021E+03  4.7926E-05  4.7926E-05  4.5588E-01  0.0000E+00
  2.5877E-02  2.1888E-10  1.7042E+03  4.8367E-05  4.8367E-05  4.5767E-01  0.0000E+00
  2.6157E-02  2.2462E-10  1.7063E+03  4.8814E-05  4.8814E-05  4.5940E-01  0.0000E+00
  2.6440E-02  2.3049E-10  1.7084E+03  4.9268E-05  4.9268E-05  4.6107E-01  0.0000E+00
  2.6726E-02  2.3651E-10  1.7105E+03  4.9727E-05  4.9727E-05  4.6269E-01  0.0000E+00
  2.7015E-02  2.4267E-10  1.7126E+03  5.0193E-05  5.0193E-05  4.6424E-01  0.0000E+00
  2.7307E-02  2.4898E-10  1.7147E+03  5.0664E-05  5.0664E-05  4.6574E-01  0.0000E+00
  2.7602E-02  2.5545E-10  1.7168E+03  5.1142E-05  5.1142E-05  4.6719E-01  0.0000E+00
  2.7901E-02  2.6207E-10  1.7189E+03  5.1625E-05  5.1625E-05  4.6858E-01  0.0000E+00
  2.8203E-02  2.6885E-10  1.7210E+03  5.2114E-05  5.2114E-05  4.6993E-01  0.0000E+00
  2.8494E-02  2.7502E-10  1.7228E+03  5.2614E-05  5.2614E-05  4.7092E-01  0.0000E+00
  2.8787E-02  2.8126E-10  1.7246E+03  5.3124E-05  5.3124E-05  4.7171E-01  0.0000E+00
  2.9083E-02  2.8763E-10  1.7264E+03  5.3641E-05  5.3641E-05  4.7241E-01  0.0000E+00
  2.9382E-02  2.9414E-10  1.7283E+03  5.4163E-05  5.4163E-05  4.7306E-01  0.0000E+00
  2.9685E-02  3.0078E-10  1.7301E+03  5.4690E-05  5.4690E-05  4.7369E-01  0.0000E+00
  2.9990E-02  3.0756E-10  1.7319E+03  5.5222E-05  5.5222E-05  4.7428E-01  0.0000E+00
  3.0299E-02  3.1449E-10  1.7337E+03  5.5758E-05  5.5758E-05  4.7485E-01  0.0000E+00
  3.0610E-02  3.2156E-10  1.7355E+03  5.6299E-05  5.6299E-05  4.7540E-01  0.0000E+00
  3.0925E-02  3.2878E-10  1.7373E+03  5.6844E-05  5.6844E-05  4.7592E-01  0.0000E+00
  3.1243E-02  3.3615E-10  1.7391E+03  5.7394E-05  5.7394E-05  4.7642E-01  0.0000E+00
  3.1565E-02  3.4368E-10  1.7409E+03  5.7949E-05  5.7949E-05  4.7690E-01  0.0000E+00
  3.1889E-02  3.5136E-10  1.7428E+03  5.8507E-05  5.8507E-05  4.7736E-01  0.0000E+00
  3.2217E-02  3.5920E-10  1.7446E+03  5.9071E-05  5.9071E-05  4.7780E-01  0.0000E+00
  3.2549E-02  3.6720E-10  1.7464E+03  5.9638E-05  5.9638E-05  4.7821E-01  0.0000E+00
  3.2884E-02  3.7537E-10  1.7482E+03  6.0210E-05  6.0210E-05  4.7861E-01  0.0000E+00
  3.3222E-02  3.8372E-10  1.7500E+03  6.0786E-05  6.0786E-05  4.7899E-01  0.0000E+00
  3.3564E-02  3.9223E-10  1.7518E+03  6.1366E-05  6.1366E-05  4.7935E-01  0.0000E+00
  3.3909E-02  4.0092E-10  1.7536E+03  6.1950E-05  6.1950E-05  4.7969E-01  0.0000E+00
  3.4258E-02  4.0979E-10  1.7554E+03  6.2538E-05  6.2538E-05  4.8002E-01  0.0000E+00
  3.4610E-02  4.1884E-10  1.7573E+03  6.3129E-05  6.3129E-05  4.8033E-01  0.0000E+00
  3.4949E-02  4.2705E-10  1.7588E+03  6.3729E-05  6.3729E-05  4.8034E-01  0.0000E+00
  3.5289E-02  4.3525E-10  1.7604E+03  6.4335E-05  6.4335E-05  4.8020E-01  0.0000E+00
  3.5632E-02  4.4360E-10  1.7619E+03  6.4946E-05  6.4946E-05  4.8003E-01  0.0000E+00
  3.5979E-02  4.5211E-10  1.7635E+03  6.5560E-05  6.5560E-05  4.7987E-01  0.0000E+00
  3.6328E-02  4.6076E-10  1.7650E+03  6.6177E-05  6.6177E-05  4.7969E-01  0.0000E+00
  3.6682E-02  4.6957E-10  1.7665E+03  6.6798E-05  6.6798E-05  4.7952E-01  0.0000E+00
  3.7038E-02  4.7854E-10  1.7681E+03  6.7421E-05  6.7421E-05  4.7934E-01  0.0000E+00
  3.7398E-02  4.8767E-10  1.7696E+03  6.8046E-05  6.8046E-05  4.7916E-01  0.0000E+00
  3.7762E-02  4.9696E-10  1.7712E+03  6.8675E-05  6.8675E-05  4.7897E-01  0.0000E+00
  3.8129E-02  5.0642E-10  1.7727E+03  6.9306E-05  6.9306E-05  4.7878E-01  0.0000E+00
  3.8500E-02  5.1605E-10  1.7742E+03  6.9939E-05  6.9939E-05  4.7859E-01  0.0000E+00
  3.8874E-02  5.2585E-10  1.7758E+03  7.0575E-05  7.0575E-05  4.7840E-01  0.0000E+00
  3.9252E-02  5.3582E-10  1.7773E+03  7.1213E-05  7.1213E-05  4.7821E-01  0.0000E+00
  3.9634E-02  5.4598E-10  1.7789E+03  7.1853E-05  7.1853E-05  4.7801E-01  0.0000E+00
  4.0019E-02  5.5631E-10  1.7804E+03  7.2495E-05  7.2495E-05  4.7782E-01  0.0000E+00
  4.0409E-02  5.6682E-10  1.7819E+03  7.3139E-05  7.3139E-05  4.7762E-01  0.0000E+00
  4.0801E-02  5.7752E-10  1.7835E+03  7.3784E-05  7.3784E-05  4.7743E-01  0.0000E+00
  4.1198E-02  5.8842E-10  1.7850E+03  7.4431E-05  7.4431E-05  4.7723E-01  0.0000E+00
  4.1599E-02  5.9950E-10  1.7866E+03  7.5079E-05  7.5079E-05  4.7704E-01  0.0000E+00
  4.2003E-02  6.1078E-10  1.7881E+03  7.5728E-05  7.5728E-05  4.7685E-01  0.0000E+00
  4.2398E-02  6.2350E-10  1.7899E+03  7.6372E-05  7.6372E-05  4.7658E-01  0.0000E+00
  4.2790E-02  6.3711E-10  1.7918E+03  7.7005E-05  7.7005E-05  4.7642E-01  0.0000E+00
  4.3185E-02  6.5100E-10  1.7937E+03  7.7633E-05  7.7633E-05  4.7629E-01  0.0000E+00
  4.3584E-02  6.6518E-10  1.7956E+03  7.8256E-05  7.8256E-05  4.7619E-01  0.0000E+00
  4.3986E-02  6.7964E-10  1.7975E+03  7.8875E-05  7.8875E-05  4.7611E-01  0.0000E+00
  4.4393E-02  6.9439E-10  1.7994E+03  7.9487E-05  7.9487E-05  4.7607E-01  0.0000E+00
  4.4803E-02  7.0945E-10  1.8013E+03  8.0094E-05  8.0094E-05  4.7605E-01  0.0000E+00
  4.5216E-02  7.2480E-10  1.8032E+03  8.0693E-05  8.0693E-05  4.7607E-01  0.0000E+00
  4.5634E-02  7.4047E-10  1.8051E+03  8.1284E-05  8.1284E-05  4.7612E-01  0.0000E+00
  4.6056E-02  7.5645E-10  1.8070E+03  8.1866E-05  8.1866E-05  4.7621E-01  0.0000E+00
  4.6481E-02  7.7275E-10  1.8089E+03  8.2438E-05  8.2438E-05  4.7634E-01  0.0000E+00
  4.6910E-02  7.8938E-10  1.8109E+03  8.3000E-05  8.3000E-05  4.7653E-01  0.0000E+00
  4.7344E-02  8.0635E-10  1.8128E+03  8.3550E-05  8.3550E-05  4.7676E-01  0.0000E+00
  4.7781E-02  8.2365E-10  1.8147E+03  8.4086E-05  8.4086E-05  4.7704E-01  0.0000E+00
  4.8222E-02  8.4130E-10  1.8166E+03  8.4609E-05  8.4609E-05  4.7739E-01  0.0000E+00
  4.8667E-02  8.5930E-10  1.8185E+03  8.5115E-05  8.5115E-05  4.7780E-01  0.0000E+00
  4.9117E-02  8.7767E-10  1.8204E+03  8.5604E-05  8.5604E-05  4.7829E-01  0.0000E+00
  4.9571E-02  8.9640E-10  1.8223E+03  8.6074E-05  8.6074E-05  4.7885E-01  0.0000E+00
  5.0028E-02  9.1550E-10  1.8242E+03  8.6524E-05  8.6524E-05  4.7950E-01  0.0000E+00
  5.0491E-02  9.3498E-10  1.8261E+03  8.6950E-05  8.6950E-05  4.8024E-01  0.0000E+00
  5.0932E-02  9.5263E-10  1.8278E+03  8.7352E-05  8.7352E-05  4.8089E-01  0.0000E+00
  5.1191E-02  9.5403E-10  1.8276E+03  8.7789E-05  8.7789E-05  4.7927E-01  0.0000E+00
  5.1451E-02  9.5544E-10  1.8275E+03  8.8242E-05  8.8242E-05  4.7752E-01  0.0000E+00
  5.1713E-02  9.5685E-10  1.8274E+03  8.8706E-05  8.8706E-05  4.7570E-01  0.0000E+00
  5.1975E-02  9.5826E-10  1.8272E+03  8.9182E-05  8.9182E-05  4.7382E-01  0.0000E+00
  5.2240E-02  9.5967E-10  1.8271E+03  8.9670E-05  8.9670E-05  4.7188E-01  0.0000E+00
  5.2505E-02  9.6109E-10  1.8270E+03  9.0169E-05  9.0169E-05  4.6989E-01  0.0000E+00
  5.2772E-02  9.6251E-10  1.8269E+03  9.0680E-05  9.0680E-05  4.6784E-01  0.0000E+00
  5.3040E-02  9.6392E-10  1.8267E+03  9.1203E-05  9.1203E-05  4.6574E-01  0.0000E+00
  5.3310E-02  9.6534E-10  1.8266E+03  9.1738E-05  9.1738E-05  4.6358E-01  0.0000E+00
  5.3581E-02  9.6677E-10  1.8265E+03  9.2285E-05  9.2285E-05  4.6137E-01  0.0000E+00
  5.3853E-02  9.6819E-10  1.8263E+03  9.2843E-05  9.2843E-05  4.5911E-01  0.0000E+00
  5.4127E-02  9.6962E-10  1.8262E+03  9.3413E-05  9.3413E-05  4.5680E-01  0.0000E+00
  5.4402E-02  9.7104E-10  1.8261E+03  9.3996E-05  9.3996E-05  4.5445E-01  0.0000E+00
  5.4679E-02  9.7247E-10  1.8260E+03  9.4590E-05  9.4590E-05  4.5205E-01  0.0000E+00
  5.4957E-02  9.7390E-10  1.8258E+03  9.5196E-05  9.5196E-05  4.4961E-01  0.0000E+00
  5.5236E-02  9.7534E-10  1.8257E+03  9.5815E-05  9.5815E-05  4.4713E-01  0.0000E+00
  5.5517E-02  9.7677E-10  1.8256E+03  9.6445E-05  9.6445E-05  4.4460E-01  0.0000E+00
  5.5799E-02  9.7821E-10  1.8254E+03  9.7087E-05  9.7087E-05  4.4204E-01  0.0000E+00
  5.6083E-02  9.7965E-10  1.8253E+03  9.7741E-05  9.7741E-05  4.3944E-01  0.0000E+00
  5.6368E-02  9.8109E-10  1.8252E+03  9.8407E-05  9.8407E-05  4.3681E-01  0.0000E+00
  5.7066E-02  9.9715E-10  1.8263E+03  9.9076E-05  9.9076E-05  4.3727E-01  0.0000E+00
  5.9480E-02  1.0754E-09  1.8327E+03  9.9612E-05  9.9612E-05  4.5171E-01  0.0000E+00
  6.1996E-02  1.1594E-09  1.8390E+03  1.0006E-04  1.0006E-04  4.6683E-01  0.0000E+00
  6.4618E-02  1.2495E-09  1.8454E+03  1.0038E-04  1.0038E-04  4.8267E-01  0.0000E+00
  6.7351E-02  1.3463E-09  1.8517E+03  1.0051E-04  1.0051E-04  4.9957E-01  0.0000E+00
  7.0200E-02  1.4501E-09  1.8581E+03  1.0034E-04  1.0034E-04  5.1801E-01  0.0000E+00
  7.3169E-02  1.5615E-09  1.8644E+03  9.9771E-05  9.9771E-05  5.3869E-01  0.0000E+00
  7.6264E-02  1.6809E-09  1.8708E+03  9.8606E-05  9.8606E-05  5.6280E-01  0.0000E+00
  7.9490E-02  1.8090E-09  1.8771E+03  9.6572E-05  9.6572E-05  5.9237E-01  0.0000E+00
  8.2853E-02  1.9462E-09  1.8835E+03  9.3264E-05  9.3264E-05  6.3100E-01  0.0000E+00
  8.6357E-02  2.0932E-09  1.8898E+03  8.7909E-05  8.7909E-05  6.8685E-01  0.0000E+00
  9.0010E-02  2.2506E-09  1.8962E+03  7.8917E-05  7.8917E-05  7.8196E-01  0.0000E+00
  9.3817E-02  2.4187E-09  1.9025E+03  6.1519E-05  6.1519E-05  1.0180E+00  0.0000E+00
  9.6505E-02  2.5357E-09  1.9069E+03  3.3862E-05  4.7719E-07  4.1943E+01  1.2524E+00
  9.6546E-02  2.5369E-09  1.9069E+03  3.3985E-05  2.4030E-08  1.0272E+03  1.1100E+00
  9.6587E-02  2.5378E-09  1.9070E+03  3.4733E-05  1.1156E-07  2.7699E+02  9.1082E-01
  9.6606E-02  2.5381E-09  1.9070E+03  3.5405E-05  3.6036E-08  9.4764E+02  8.0176E-01
  9.6622E-02  2.5382E-09  1.9071E+03  3.6286E-05  6.9526E-08  5.3676E+02  6.9505E-01
  9.6629E-02  2.5382E-09  1.9071E+03  3.6740E-05  3.8729E-09  1.0000E+04  6.4942E-01
  9.6636E-02  2.5382E-09  1.9071E+03  3.7253E-05  4.4385E-08  9.0360E+02  6.0377E-01
  9.6649E-02  2.5381E-09  1.9071E+03  1.2080E-05  1.2080E-05  5.1795E+00  0.0000E+00
  9.6675E-02  2.5373E-09  1.9071E+03  8.7970E-06  8.7970E-06  7.1049E+00  0.0000E+00
  9.6702E-02  2.5303E-09  1.9072E+03  1.3650E-08  1.3650E-08  4.5656E+03  0.0000E+00
